depth	min	max	median	mean
0	-57	1371	404	483
0.1	25	1423	478	552
0.2	109	1475	550	621
0.3	189	1522	622	689
0.4	269	1571	695	758
0.5	351	1622	766	827
0.6	430	1670	836	895
0.7	509	1721	907	964
0.8	589	1774	979	1033
0.9	667	1826	1052	1101
1	745	1878	1125	1170
1.1	822	1927	1198	1239
1.2	898	1976	1272	1307
1.3	974	2029	1346	1376
1.4	1051	2080	1417	1445
1.5	1128	2123	1491	1513
1.6	1205	2172	1564	1582
1.7	1279	2224	1639	1651
1.8	1355	2270	1711	1719
1.9	1433	2325	1784	1788
2	1507	2378	1858	1857
2.1	1581	2431	1931	1925
2.2	1653	2483	2004	1994
2.3	1720	2536	2072	2063
2.4	1792	2589	2140	2131
2.5	1862	2642	2212	2200
2.6	1933	2695	2284	2269
2.7	2000	2752	2360	2337
2.8	2068	2811	2432	2406
2.9	2136	2868	2506	2475
3	2206	2925	2578	2543
3.1	2273	2978	2647	2612
3.2	2339	3033	2718	2681
3.3	2401	3084	2787	2749
3.4	2450	3140	2852	2818
3.5	2504	3190	2921	2887
3.6	2548	3252	2990	2955
3.7	2588	3318	3059	3024
3.8	2638	3387	3130	3093
3.9	2696	3448	3199	3161
4	2744	3513	3267	3230
4.1	2788	3582	3339	3299
4.2	2842	3648	3409	3367
4.3	2900	3726	3478	3436
4.4	2953	3800	3547	3505
4.5	2988	3877	3615	3573
4.6	3044	3957	3683	3642
4.7	3087	4036	3753	3710
4.8	3128	4114	3820	3779
4.9	3163	4195	3890	3848
5	3198	4273	3961	3916
5.1	3218	4278	3970	3930
5.2	3243	4285	3981	3943
5.3	3265	4290	3993	3956
5.4	3281	4294	4006	3970
5.5	3301	4299	4019	3983
5.6	3323	4307	4030	3996
5.7	3349	4315	4041	4010
5.8	3375	4324	4051	4023
5.9	3402	4331	4064	4036
6	3428	4340	4076	4050
6.1	3455	4348	4086	4063
6.2	3478	4355	4099	4076
6.3	3506	4362	4114	4090
6.4	3521	4372	4128	4103
6.5	3539	4382	4144	4116
6.6	3572	4391	4159	4130
6.7	3603	4404	4173	4143
6.8	3631	4418	4186	4156
6.9	3651	4432	4199	4170
7	3677	4450	4213	4183
7.1	3705	4465	4225	4196
7.2	3730	4477	4238	4210
7.3	3750	4496	4248	4223
7.4	3767	4514	4262	4236
7.5	3787	4529	4276	4250
7.6	3802	4555	4290	4263
7.7	3826	4574	4300	4276
7.8	3847	4590	4314	4290
7.9	3868	4603	4325	4303
8	3884	4629	4339	4316
8.1	3902	4649	4349	4330
8.2	3927	4671	4361	4343
8.3	3945	4695	4372	4356
8.4	3956	4726	4383	4370
8.5	3972	4751	4396	4383
8.6	3990	4782	4408	4396
8.7	4002	4801	4419	4410
8.8	4013	4823	4432	4423
8.9	4029	4847	4444	4436
9	4046	4879	4457	4450
9.1	4053	4907	4469	4463
9.2	4062	4934	4482	4476
9.3	4070	4968	4495	4490
9.4	4080	4993	4508	4503
9.5	4089	5021	4521	4516
9.6	4097	5049	4533	4530
9.7	4108	5078	4546	4543
9.8	4117	5103	4559	4556
9.9	4123	5130	4572	4570
10	4132	5158	4584	4583
10.1	4153	5163	4593	4593
10.2	4175	5169	4601	4603
10.3	4198	5174	4609	4613
10.4	4220	5182	4617	4624
10.5	4241	5193	4626	4634
10.6	4260	5196	4635	4644
10.7	4286	5199	4642	4654
10.8	4305	5212	4650	4664
10.9	4323	5225	4658	4674
11	4345	5229	4666	4684
11.1	4365	5234	4674	4694
11.2	4386	5243	4684	4704
11.3	4406	5248	4693	4714
11.4	4424	5252	4701	4725
11.5	4446	5254	4712	4735
11.6	4459	5261	4720	4745
11.7	4470	5272	4729	4755
11.8	4480	5279	4738	4765
11.9	4495	5285	4748	4775
12	4504	5292	4760	4785
12.1	4516	5301	4771	4795
12.2	4527	5307	4782	4805
12.3	4534	5312	4792	4815
12.4	4541	5319	4802	4826
12.5	4550	5328	4813	4836
12.6	4562	5338	4823	4846
12.7	4573	5347	4832	4856
12.8	4582	5356	4842	4866
12.9	4593	5364	4854	4876
13	4599	5376	4866	4886
13.1	4603	5385	4877	4896
13.2	4607	5405	4887	4906
13.3	4612	5425	4895	4916
13.4	4619	5441	4903	4926
13.5	4625	5456	4911	4937
13.6	4630	5475	4921	4947
13.7	4634	5487	4930	4957
13.8	4639	5505	4940	4967
13.9	4642	5521	4949	4977
14	4646	5537	4959	4987
14.1	4652	5554	4968	4997
14.2	4655	5573	4976	5007
14.3	4659	5587	4985	5017
14.4	4662	5602	4997	5027
14.5	4665	5613	5006	5038
14.6	4668	5632	5016	5048
14.7	4672	5647	5024	5058
14.8	4677	5662	5032	5068
14.9	4681	5682	5041	5078
15	4684	5687	5049	5088
15.1	4715	5709	5074	5112
15.2	4743	5724	5098	5136
15.3	4773	5738	5124	5160
15.4	4803	5756	5149	5183
15.5	4824	5771	5176	5207
15.6	4844	5782	5200	5231
15.7	4865	5803	5226	5255
15.8	4883	5826	5250	5279
15.9	4898	5835	5276	5302
16	4912	5853	5304	5326
16.1	4924	5874	5331	5350
16.2	4929	5895	5358	5374
16.3	4940	5917	5383	5398
16.4	4948	5940	5408	5422
16.5	4961	5965	5439	5445
16.6	4966	5986	5467	5469
16.7	4971	6010	5493	5493
16.8	4976	6040	5520	5517
16.9	4981	6064	5549	5541
17	4987	6092	5576	5564
17.1	4992	6122	5602	5588
17.2	4997	6149	5631	5612
17.3	5003	6178	5654	5636
17.4	5010	6209	5680	5660
17.5	5016	6239	5705	5684
17.6	5022	6268	5734	5707
17.7	5026	6302	5759	5731
17.8	5030	6338	5786	5755
17.9	5035	6373	5813	5779
18	5039	6403	5838	5803
18.1	5043	6436	5864	5826
18.2	5050	6468	5888	5850
18.3	5056	6505	5910	5874
18.4	5062	6539	5937	5898
21	5344	7230	6471	6409
21.1	5365	7231	6486	6421
21.2	5379	7235	6499	6434
21.3	5394	7237	6515	6447
21.4	5416	7241	6530	6460
21.5	5435	7245	6542	6473
21.6	5451	7246	6557	6486
21.7	5468	7250	6573	6499
21.8	5482	7255	6590	6512
21.9	5497	7257	6606	6525
22	5514	7260	6621	6538
22.1	5527	7262	6633	6551
22.2	5541	7265	6649	6564
22.3	5551	7270	6666	6577
22.4	5564	7278	6680	6590
22.5	5579	7279	6695	6603
22.6	5594	7283	6711	6616
22.7	5606	7285	6725	6629
22.8	5617	7286	6739	6642
22.9	5631	7286	6753	6655
23	5638	7292	6767	6668
23.1	5646	7294	6779	6681
23.2	5657	7297	6792	6694
23.3	5670	7302	6807	6706
23.4	5683	7306	6821	6719
23.5	5692	7310	6837	6732
23.6	5701	7315	6853	6745
23.7	5710	7318	6867	6758
23.8	5716	7322	6880	6771
23.9	5724	7328	6895	6784
24	5736	7334	6908	6797
24.1	5749	7344	6923	6810
24.2	5762	7351	6938	6823
24.3	5772	7363	6951	6836
24.4	5785	7369	6962	6849
24.5	5796	7379	6975	6862
24.6	5809	7385	6987	6875
24.7	5821	7398	6996	6888
24.8	5831	7414	7009	6901
24.9	5844	7424	7022	6914
25	5857	7435	7034	6927
25.1	5868	7437	7038	6933
25.2	5885	7438	7042	6939
25.3	5897	7439	7047	6945
25.4	5911	7441	7053	6952
25.5	5925	7443	7059	6958
25.6	5932	7444	7064	6964
25.7	5941	7446	7069	6971
25.8	5957	7447	7075	6977
25.9	5981	7448	7081	6983
26	6003	7449	7086	6989
26.1	6017	7450	7092	6996
26.2	6026	7451	7097	7002
26.3	6035	7453	7102	7008
26.4	6042	7455	7108	7014
26.5	6052	7456	7114	7021
26.6	6061	7457	7119	7027
26.7	6070	7460	7125	7033
26.8	6079	7463	7130	7039
26.9	6090	7465	7135	7046
27	6097	7467	7139	7052
27.1	6105	7469	7145	7058
27.2	6112	7470	7150	7065
27.3	6115	7471	7154	7071
27.4	6120	7472	7160	7077
27.5	6127	7474	7166	7083
27.6	6134	7475	7172	7090
27.7	6142	7476	7178	7096
27.8	6147	7478	7181	7102
27.9	6155	7479	7186	7108
28	6159	7480	7192	7115
28.1	6162	7484	7198	7121
28.2	6168	7486	7202	7127
28.3	6179	7488	7209	7133
28.4	6195	7490	7214	7140
28.5	6207	7491	7220	7146
28.6	6226	7493	7225	7152
28.7	6235	7494	7231	7159
28.8	6246	7496	7237	7165
28.9	6265	7500	7242	7171
29	6274	7503	7247	7177
29.1	6282	7506	7252	7184
29.2	6291	7509	7258	7190
29.3	6299	7514	7264	7196
29.4	6307	7517	7270	7202
29.5	6313	7519	7277	7209
29.6	6320	7521	7283	7215
29.7	6334	7523	7289	7221
29.8	6340	7529	7295	7227
29.9	6346	7532	7304	7234
30	6352	7539	7308	7240
30.1	6396	7540	7316	7251
30.2	6441	7542	7324	7261
30.3	6488	7547	7331	7272
30.4	6534	7551	7339	7283
30.5	6581	7554	7346	7293
30.6	6627	7556	7354	7304
30.7	6672	7557	7362	7315
30.8	6717	7559	7369	7325
30.9	6761	7562	7377	7336
31	6807	7563	7384	7347
31.1	6855	7566	7391	7357
31.2	6906	7570	7399	7368
31.3	6954	7575	7405	7379
31.4	6997	7577	7412	7389
31.5	7037	7583	7420	7400
31.6	7078	7586	7427	7411
31.7	7124	7591	7434	7421
31.8	7168	7596	7441	7432
31.9	7209	7603	7449	7443
32	7255	7608	7456	7453
32.1	7298	7614	7466	7464
32.2	7333	7621	7474	7475
32.3	7362	7629	7484	7485
32.4	7382	7640	7494	7496
32.5	7396	7651	7506	7507
32.6	7404	7660	7517	7517
32.7	7410	7673	7526	7528
32.8	7416	7693	7536	7539
32.9	7424	7723	7545	7549
33	7428	7757	7553	7560
33.1	7434	7790	7561	7571
33.2	7438	7829	7568	7581
33.3	7441	7863	7575	7592
33.4	7443	7907	7584	7603
33.5	7446	7952	7591	7613
33.6	7449	8000	7599	7624
33.7	7453	8040	7606	7635
33.8	7457	8086	7613	7645
33.9	7460	8136	7621	7656
34	7462	8164	7629	7667
34.1	7465	8204	7637	7677
34.2	7467	8249	7646	7688
34.3	7470	8288	7653	7699
34.4	7472	8331	7660	7709
34.5	7473	8377	7667	7720
34.6	7475	8422	7674	7731
34.7	7477	8466	7681	7741
34.8	7479	8508	7689	7752
34.9	7482	8553	7695	7763
35	7484	8598	7701	7773
35.1	7503	8609	7725	7794
35.2	7523	8621	7746	7815
35.3	7540	8630	7767	7836
35.4	7556	8639	7790	7857
35.5	7568	8648	7813	7878
35.6	7577	8659	7837	7899
35.7	7590	8672	7862	7920
35.8	7597	8685	7888	7941
35.9	7606	8698	7910	7962
36	7615	8711	7935	7983
36.1	7620	8725	7960	8004
36.2	7627	8738	7985	8024
36.3	7631	8750	8010	8045
36.4	7639	8762	8035	8066
36.5	7641	8775	8058	8087
36.6	7648	8789	8083	8108
36.7	7655	8807	8107	8129
36.8	7662	8819	8131	8150
36.9	7669	8830	8155	8171
37	7677	8842	8177	8192
37.1	7683	8855	8199	8213
37.2	7689	8871	8226	8234
37.3	7694	8885	8246	8255
37.4	7701	8903	8268	8276
37.5	7707	8920	8290	8296
37.6	7714	8938	8310	8317
37.7	7721	8961	8332	8338
37.8	7726	8980	8355	8359
37.9	7734	8998	8379	8380
38	7741	9022	8401	8401
38.1	7747	9053	8422	8422
38.2	7752	9074	8444	8443
38.3	7755	9095	8464	8464
38.4	7762	9122	8488	8485
38.5	7768	9152	8511	8506
38.6	7773	9181	8533	8527
38.7	7779	9211	8558	8548
38.8	7783	9251	8581	8568
38.9	7787	9283	8603	8589
39	7793	9318	8624	8610
39.1	7795	9349	8647	8631
39.2	7799	9378	8670	8652
39.3	7807	9408	8693	8673
39.4	7811	9442	8717	8694
39.5	7818	9472	8740	8715
39.6	7824	9505	8762	8736
39.7	7830	9538	8783	8757
39.8	7836	9574	8806	8778
39.9	7842	9608	8828	8799
40	7847	9646	8849	8820
40.1	7898	9652	8874	8845
40.2	7949	9658	8898	8871
40.3	7999	9664	8924	8896
40.4	8050	9670	8949	8922
40.5	8098	9675	8971	8948
40.6	8148	9679	8994	8973
40.7	8199	9686	9018	8999
40.8	8250	9692	9042	9024
40.9	8301	9701	9068	9050
41	8354	9707	9090	9076
41.1	8404	9713	9116	9101
41.2	8454	9721	9139	9127
41.3	8505	9729	9164	9152
41.4	8555	9733	9190	9178
41.5	8604	9737	9214	9204
41.6	8653	9748	9241	9229
41.7	8705	9760	9266	9255
41.8	8755	9766	9292	9280
41.9	8806	9777	9316	9306
42	8855	9791	9340	9332
42.1	8906	9802	9364	9357
42.2	8955	9816	9386	9383
42.3	9007	9825	9411	9408
42.4	9057	9840	9436	9434
42.5	9107	9848	9459	9460
42.6	9152	9858	9485	9485
42.7	9196	9872	9511	9511
42.8	9247	9883	9534	9536
42.9	9299	9896	9559	9562
43	9347	9913	9583	9588
43.1	9394	9926	9606	9613
43.2	9438	9938	9629	9639
43.3	9486	9953	9653	9664
43.4	9533	9969	9674	9690
43.5	9569	9985	9697	9716
43.6	9608	10006	9720	9741
43.7	9639	10030	9744	9767
43.8	9659	10061	9772	9792
43.9	9675	10097	9799	9818
44	9688	10130	9828	9844
44.1	9697	10163	9855	9869
44.2	9706	10196	9884	9895
44.3	9712	10241	9910	9920
44.4	9720	10284	9937	9946
44.5	9726	10325	9965	9972
44.6	9733	10365	9992	9997
44.7	9737	10401	10019	10023
44.8	9743	10443	10044	10048
44.9	9749	10487	10070	10074
45	9756	10533	10098	10100
45.1	9779	10568	10130	10130
45.2	9797	10610	10157	10161
45.3	9810	10649	10190	10192
45.4	9822	10696	10218	10222
45.5	9834	10758	10252	10253
45.6	9848	10804	10283	10284
45.7	9859	10852	10316	10315
45.8	9866	10911	10341	10345
45.9	9876	10966	10371	10376
46	9887	11033	10400	10407
46.1	9896	11104	10432	10438
46.2	9902	11172	10463	10468
46.3	9910	11247	10492	10499
46.4	9917	11324	10521	10530
46.5	9922	11391	10547	10561
46.6	9929	11449	10570	10591
46.7	9936	11522	10593	10622
46.8	9941	11582	10623	10653
46.9	9948	11653	10649	10684
47	9953	11725	10674	10714
47.1	9959	11800	10698	10745
47.2	9965	11884	10725	10776
47.3	9973	11977	10747	10807
47.4	9980	12052	10774	10837
47.5	9988	12119	10801	10868
47.6	9993	12185	10827	10899
47.7	9998	12251	10851	10930
47.8	10000	12318	10873	10960
47.9	10004	12394	10897	10991
48	10010	12470	10923	11022
48.1	10015	12541	10948	11052
48.2	10020	12615	10972	11083
48.3	10026	12682	11004	11114
48.4	10031	12754	11030	11145
48.5	10039	12822	11053	11175
48.6	10046	12887	11081	11206
48.7	10049	12953	11107	11237
48.8	10055	13018	11136	11268
48.9	10062	13089	11163	11298
49	10068	13160	11191	11329
49.1	10073	13232	11220	11360
49.2	10076	13304	11247	11391
49.3	10081	13377	11277	11421
49.4	10085	13456	11307	11452
49.5	10089	13534	11334	11483
49.6	10096	13608	11364	11514
49.7	10103	13685	11391	11544
49.8	10108	13758	11421	11575
49.9	10111	13828	11450	11606
50	10115	13898	11478	11637
50.1	10180	13925	11511	11674
50.2	10221	13957	11552	11712
50.3	10278	13995	11601	11750
50.4	10335	14024	11629	11788
50.5	10369	14044	11659	11826
50.6	10409	14074	11701	11864
50.7	10442	14107	11739	11902
50.8	10463	14158	11773	11940
50.9	10498	14201	11817	11978
51	10521	14232	11858	12016
51.1	10542	14244	11895	12054
51.2	10562	14282	11936	12092
51.3	10585	14315	11981	12130
51.4	10607	14375	12019	12168
51.5	10626	14416	12070	12206
51.6	10641	14464	12113	12243
51.7	10652	14495	12152	12281
51.8	10672	14533	12182	12319
51.9	10684	14574	12223	12357
52	10706	14624	12260	12395
52.1	10721	14675	12317	12433
52.2	10731	14743	12366	12471
52.3	10739	14821	12416	12509
52.4	10748	14888	12465	12547
52.5	10757	14920	12511	12585
52.6	10781	14985	12559	12623
52.7	10808	15043	12601	12661
52.8	10824	15093	12650	12699
52.9	10838	15154	12697	12737
53	10854	15213	12750	12775
53.1	10874	15266	12786	12812
53.2	10886	15320	12823	12850
53.3	10903	15373	12861	12888
53.4	10920	15434	12906	12926
53.5	10934	15515	12944	12964
53.6	10941	15589	12974	13002
53.7	10957	15641	13011	13040
53.8	10970	15690	13043	13078
53.9	10985	15746	13085	13116
54	10999	15793	13123	13154
54.1	11014	15868	13157	13192
54.2	11022	15935	13196	13230
54.3	11035	15990	13236	13268
54.4	11049	16070	13261	13306
54.5	11058	16152	13295	13344
54.6	11070	16226	13328	13381
54.7	11086	16302	13360	13419
54.8	11103	16383	13390	13457
54.9	11117	16459	13424	13495
55	11132	16551	13453	13533
55.1	11201	16568	13497	13579
55.2	11248	16583	13537	13624
55.3	11309	16597	13585	13669
55.4	11404	16612	13625	13715
55.5	11462	16627	13673	13760
55.6	11515	16650	13708	13806
55.7	11571	16675	13751	13851
55.8	11613	16685	13800	13897
55.9	11671	16702	13850	13942
56	11731	16721	13894	13987
56.1	11770	16740	13940	14033
56.2	11792	16765	13985	14078
56.3	11814	16788	14035	14124
56.4	11837	16808	14084	14169
56.5	11881	16846	14132	14215
56.6	11931	16873	14173	14260
56.7	11968	16887	14219	14305
56.8	11999	16902	14266	14351
56.9	12029	16916	14321	14396
57	12051	16945	14372	14442
57.1	12072	16951	14420	14487
57.2	12093	16973	14468	14533
57.3	12117	16993	14518	14578
57.4	12147	17011	14566	14623
57.5	12173	17043	14618	14669
57.6	12217	17074	14667	14714
57.7	12255	17087	14717	14760
57.8	12290	17117	14762	14805
57.9	12325	17151	14815	14851
58	12367	17170	14865	14896
58.1	12400	17192	14919	14941
58.2	12432	17217	14972	14987
58.3	12467	17242	15023	15032
58.4	12503	17276	15077	15078
58.5	12547	17300	15139	15123
58.6	12568	17338	15194	15169
58.7	12607	17355	15233	15214
58.8	12637	17391	15280	15259
58.9	12664	17429	15331	15305
59	12687	17474	15386	15350
59.1	12720	17517	15444	15396
59.2	12754	17576	15495	15441
59.3	12778	17620	15544	15487
59.4	12812	17681	15588	15532
59.5	12837	17730	15631	15578
59.6	12859	17782	15691	15623
59.7	12891	17817	15731	15668
59.8	12907	17883	15777	15714
59.9	12949	17950	15829	15759
60	12970	18013	15862	15805
60.1	13025	18022	15901	15836
60.2	13103	18028	15931	15867
60.3	13179	18035	15959	15899
60.4	13242	18044	15994	15930
60.5	13316	18052	16026	15961
60.6	13380	18060	16056	15992
60.7	13441	18070	16091	16024
60.8	13513	18076	16123	16055
60.9	13562	18084	16161	16086
61	13615	18091	16187	16118
61.1	13683	18097	16231	16149
61.2	13737	18104	16263	16180
61.3	13808	18114	16295	16212
61.4	13888	18117	16328	16243
61.5	13966	18125	16354	16274
61.6	14025	18137	16392	16306
61.7	14097	18144	16422	16337
61.8	14155	18149	16458	16368
61.9	14196	18154	16500	16399
62	14231	18162	16536	16431
62.1	14288	18171	16567	16462
62.2	14337	18184	16606	16493
62.3	14381	18199	16639	16525
62.4	14422	18210	16678	16556
62.5	14453	18217	16720	16587
62.6	14502	18227	16755	16619
62.7	14547	18241	16790	16650
62.8	14587	18250	16831	16681
62.9	14626	18256	16870	16713
63	14667	18265	16908	16744
63.1	14720	18276	16948	16775
63.2	14750	18286	16983	16806
63.3	14786	18297	17021	16838
63.4	14822	18308	17061	16869
63.5	14860	18319	17109	16900
63.6	14899	18336	17141	16932
63.7	14912	18345	17185	16963
63.8	14935	18361	17219	16994
63.9	14966	18381	17250	17026
64	15006	18394	17286	17057
64.1	15047	18421	17323	17088
64.2	15088	18443	17364	17119
64.3	15107	18453	17408	17151
64.4	15128	18475	17449	17182
64.5	15137	18489	17485	17213
64.6	15159	18515	17520	17245
64.7	15171	18536	17544	17276
64.8	15182	18565	17576	17307
64.9	15199	18595	17602	17339
65	15233	18636	17632	17370
65.1	15344	18641	17666	17415
65.2	15455	18650	17701	17460
65.3	15568	18658	17732	17505
65.4	15685	18667	17768	17550
65.5	15800	18676	17801	17595
65.6	15919	18685	17836	17640
65.7	16033	18688	17871	17685
65.8	16145	18697	17909	17730
65.9	16255	18701	17949	17775
66	16370	18707	17983	17820
66.1	16482	18716	18019	17865
66.2	16593	18724	18057	17910
66.3	16700	18733	18096	17955
66.4	16807	18741	18131	18000
66.5	16917	18750	18167	18045
66.6	17029	18760	18203	18090
66.7	17145	18764	18239	18135
66.8	17255	18773	18271	18179
66.9	17365	18784	18309	18224
67	17469	18794	18347	18269
67.1	17578	18809	18389	18314
67.2	17685	18821	18422	18359
67.3	17788	18834	18460	18404
67.4	17886	18847	18499	18449
67.5	17991	18863	18534	18494
67.6	18078	18885	18573	18539
67.7	18183	18906	18609	18584
67.8	18271	18924	18646	18629
67.9	18340	18944	18686	18674
68	18396	18981	18727	18719
68.1	18447	19025	18774	18764
68.2	18485	19076	18818	18809
68.3	18517	19144	18858	18854
68.4	18553	19219	18898	18899
68.5	18575	19305	18936	18944
68.6	18601	19405	18974	18989
68.7	18626	19502	19009	19034
68.8	18642	19608	19044	19079
68.9	18662	19711	19083	19124
69	18672	19819	19116	19169
69.1	18685	19927	19152	19214
69.2	18704	20035	19187	19259
69.3	18712	20152	19220	19304
69.4	18724	20258	19252	19349
69.5	18730	20368	19285	19394
69.6	18741	20477	19320	19439
69.7	18750	20584	19356	19484
69.8	18756	20699	19391	19529
69.9	18766	20812	19425	19574
70	18779	20926	19460	19619
70.1	18817	20936	19493	19648
70.2	18860	20948	19526	19677
70.3	18906	20957	19559	19706
70.4	18954	20965	19592	19735
70.5	18992	20977	19626	19764
70.6	19030	20984	19660	19792
70.7	19071	20994	19691	19821
70.8	19105	21003	19725	19850
70.9	19140	21015	19759	19879
71	19181	21027	19794	19908
71.1	19221	21032	19834	19937
71.2	19253	21039	19869	19966
71.3	19285	21052	19905	19995
71.4	19317	21061	19938	20024
71.5	19347	21069	19971	20053
71.6	19380	21080	20009	20082
71.7	19397	21096	20041	20111
71.8	19424	21111	20074	20140
71.9	19455	21123	20108	20169
72	19481	21134	20142	20198
72.1	19507	21148	20174	20227
72.2	19531	21161	20204	20256
72.3	19561	21176	20238	20285
72.4	19593	21188	20275	20314
72.5	19619	21203	20309	20343
72.6	19640	21217	20347	20372
72.7	19663	21234	20380	20401
72.8	19684	21255	20416	20430
72.9	19708	21269	20448	20459
73	19728	21286	20486	20488
73.1	19753	21306	20522	20517
73.2	19775	21325	20552	20545
73.3	19795	21344	20588	20574
73.4	19818	21363	20621	20603
73.5	19839	21386	20652	20632
73.6	19860	21412	20680	20661
73.7	19875	21441	20711	20690
73.8	19900	21465	20744	20719
73.9	19922	21486	20775	20748
74	19935	21510	20804	20777
74.1	19954	21538	20834	20806
74.2	19970	21576	20864	20835
74.3	19981	21616	20893	20864
74.4	19996	21652	20921	20893
74.5	20012	21686	20953	20922
74.6	20032	21731	20984	20951
74.7	20054	21773	21012	20980
74.8	20077	21820	21042	21009
74.9	20089	21864	21069	21038
75	20099	21906	21098	21067
75.1	20140	21915	21114	21087
75.2	20181	21922	21132	21107
75.3	20222	21925	21150	21127
75.4	20258	21937	21169	21147
75.5	20298	21943	21188	21167
75.6	20345	21956	21205	21187
75.7	20386	21967	21223	21207
75.8	20421	21974	21240	21227
75.9	20462	21980	21260	21247
76	20506	21988	21279	21267
76.1	20542	21996	21297	21287
76.2	20583	22004	21314	21307
76.3	20625	22015	21334	21327
76.4	20658	22027	21351	21347
76.5	20687	22035	21370	21367
76.6	20734	22042	21387	21387
76.7	20762	22055	21405	21407
76.8	20788	22061	21424	21427
76.9	20815	22067	21443	21447
77	20840	22085	21463	21467
77.1	20869	22099	21482	21487
77.2	20901	22114	21503	21507
77.3	20933	22133	21523	21527
77.4	20960	22147	21541	21547
77.5	20969	22164	21559	21567
77.6	20990	22184	21582	21587
77.7	21011	22207	21599	21607
77.8	21030	22226	21621	21627
77.9	21041	22252	21644	21647
78	21047	22282	21667	21667
78.1	21055	22309	21685	21687
78.2	21062	22333	21709	21707
78.3	21070	22365	21727	21727
78.4	21082	22391	21745	21747
78.5	21085	22429	21769	21767
78.6	21092	22465	21792	21787
78.7	21107	22489	21810	21807
78.8	21119	22519	21827	21827
78.9	21128	22555	21848	21847
79	21138	22592	21868	21867
79.1	21152	22629	21888	21887
79.2	21161	22670	21904	21907
79.3	21169	22702	21926	21927
79.4	21175	22738	21947	21947
79.5	21183	22781	21966	21967
79.6	21191	22818	21982	21987
79.7	21199	22855	22002	22007
79.8	21210	22892	22021	22027
79.9	21220	22927	22039	22047
80	21224	22967	22059	22067
80.1	21247	22978	22072	22082
80.2	21261	22989	22086	22097
80.3	21285	22999	22105	22112
80.4	21320	23010	22123	22127
80.5	21344	23021	22139	22142
80.6	21357	23030	22153	22157
80.7	21375	23042	22168	22172
80.8	21401	23051	22179	22187
80.9	21416	23055	22191	22202
81	21440	23063	22206	22217
81.1	21452	23068	22223	22232
81.2	21469	23081	22238	22246
81.3	21482	23090	22256	22261
81.4	21504	23100	22268	22276
81.5	21518	23111	22285	22291
81.6	21528	23122	22300	22306
81.7	21533	23134	22316	22321
81.8	21535	23147	22331	22336
81.9	21549	23154	22346	22351
82	21565	23165	22363	22366
82.1	21576	23176	22380	22381
82.2	21594	23184	22398	22396
82.3	21603	23193	22414	22411
82.4	21612	23201	22430	22425
82.5	21620	23212	22447	22440
82.6	21630	23224	22465	22455
82.7	21645	23233	22481	22470
82.8	21660	23243	22494	22485
82.9	21668	23262	22512	22500
83	21683	23273	22528	22515
83.1	21695	23283	22544	22530
83.2	21698	23298	22557	22545
83.3	21710	23315	22574	22560
83.4	21717	23325	22592	22575
83.5	21721	23336	22604	22590
83.6	21725	23348	22620	22604
83.7	21735	23367	22636	22619
83.8	21741	23375	22651	22634
83.9	21750	23394	22666	22649
84	21759	23418	22684	22664
84.1	21767	23446	22700	22679
84.2	21776	23462	22715	22694
84.3	21782	23483	22730	22709
84.4	21790	23499	22747	22724
84.5	21793	23519	22764	22739
84.6	21798	23541	22776	22754
84.7	21815	23562	22792	22769
84.8	21832	23591	22804	22783
84.9	21841	23612	22817	22798
85	21846	23645	22834	22813
85.1	21876	23649	22851	22828
85.2	21904	23653	22866	22843
85.3	21931	23657	22882	22858
85.4	21957	23660	22895	22872
85.5	21986	23664	22908	22887
85.6	22006	23667	22927	22902
85.7	22038	23670	22939	22917
85.8	22070	23674	22955	22932
85.9	22107	23677	22970	22946
86	22140	23680	22983	22961
86.1	22164	23682	22997	22976
86.2	22178	23684	23008	22991
86.3	22213	23686	23021	23006
86.4	22252	23694	23038	23020
86.5	22279	23699	23054	23035
86.6	22310	23706	23067	23050
86.7	22334	23707	23080	23065
86.8	22356	23709	23092	23080
86.9	22385	23714	23106	23094
87	22417	23719	23122	23109
87.1	22439	23724	23136	23124
87.2	22460	23729	23149	23139
87.3	22472	23737	23165	23154
87.4	22494	23743	23180	23168
87.5	22522	23750	23194	23183
87.6	22542	23757	23208	23198
87.7	22555	23765	23222	23213
87.8	22584	23771	23237	23227
87.9	22604	23779	23253	23242
88	22619	23783	23266	23257
88.1	22641	23789	23282	23272
88.2	22655	23801	23300	23287
88.3	22674	23808	23315	23301
88.4	22694	23817	23327	23316
88.5	22708	23829	23342	23331
88.6	22725	23832	23359	23346
88.7	22732	23839	23373	23361
88.8	22745	23846	23389	23375
88.9	22754	23854	23407	23390
89	22770	23861	23421	23405
89.1	22784	23873	23438	23420
89.2	22802	23891	23453	23435
89.3	22816	23901	23468	23449
89.4	22821	23917	23484	23464
89.5	22827	23928	23501	23479
89.6	22832	23936	23518	23494
89.7	22836	23944	23534	23509
89.8	22841	23966	23549	23523
89.9	22848	23984	23563	23538
90	22854	23998	23579	23553
90.1	22867	24004	23587	23561
90.2	22874	24007	23594	23568
90.3	22877	24011	23603	23576
90.4	22910	24015	23611	23584
90.5	22922	24019	23620	23592
90.6	22927	24026	23627	23599
90.7	22937	24032	23638	23607
90.8	22946	24037	23648	23615
90.9	22958	24044	23657	23623
91	22969	24047	23665	23631
91.1	22977	24054	23674	23638
91.2	22986	24060	23683	23646
91.3	23001	24070	23689	23654
91.4	23007	24079	23698	23662
91.5	23009	24087	23705	23669
91.6	23019	24092	23712	23677
91.7	23023	24099	23720	23685
91.8	23038	24106	23728	23693
91.9	23046	24116	23736	23700
92	23055	24123	23745	23708
92.1	23068	24143	23754	23716
92.2	23074	24155	23760	23724
92.3	23079	24174	23767	23731
92.4	23084	24182	23775	23739
92.5	23090	24192	23783	23747
92.6	23096	24205	23792	23755
92.7	23100	24217	23798	23762
92.8	23108	24230	23806	23770
92.9	23119	24247	23812	23778
93	23128	24267	23819	23786
93.1	23135	24283	23825	23794
93.2	23140	24301	23833	23801
93.3	23143	24322	23840	23809
93.4	23146	24336	23845	23817
93.5	23152	24358	23852	23825
93.6	23161	24377	23857	23832
93.7	23167	24402	23863	23840
93.8	23173	24423	23868	23848
93.9	23177	24444	23873	23856
94	23182	24464	23879	23863
94.1	23191	24491	23886	23871
94.2	23202	24517	23891	23879
94.3	23203	24539	23896	23887
94.4	23204	24565	23902	23894
94.5	23207	24589	23907	23902
94.6	23211	24603	23912	23910
94.7	23215	24630	23918	23918
94.8	23220	24654	23923	23925
94.9	23226	24676	23930	23933
95	23231	24700	23934	23941
95.1	23239	24709	23941	23947
95.2	23249	24720	23947	23953
95.3	23260	24731	23952	23959
95.4	23270	24742	23958	23964
95.5	23275	24749	23965	23970
95.6	23278	24757	23969	23976
95.7	23282	24763	23975	23982
95.8	23286	24768	23980	23988
95.9	23292	24776	23987	23994
96	23295	24782	23992	24000
96.1	23299	24785	23997	24006
96.2	23303	24792	24003	24011
96.3	23307	24797	24008	24017
96.4	23311	24802	24013	24023
96.5	23312	24808	24018	24029
96.6	23316	24814	24023	24035
96.7	23319	24820	24031	24041
96.8	23321	24824	24036	24047
96.9	23327	24831	24043	24053
97	23333	24843	24048	24058
97.1	23337	24852	24054	24064
97.2	23341	24866	24059	24070
97.3	23347	24869	24065	24076
97.4	23354	24885	24071	24082
97.5	23364	24892	24078	24088
97.6	23368	24899	24082	24094
97.7	23372	24908	24087	24099
97.8	23376	24920	24091	24105
97.9	23380	24930	24095	24111
98	23382	24943	24100	24117
98.1	23384	24947	24103	24123
98.2	23389	24956	24109	24129
98.3	23391	24967	24113	24135
98.4	23395	24982	24117	24141
98.5	23400	25000	24122	24146
98.6	23404	25018	24129	24152
98.7	23411	25030	24136	24158
98.8	23415	25033	24142	24164
98.9	23421	25037	24147	24170
99	23423	25047	24154	24176
99.1	23425	25061	24158	24182
99.2	23426	25076	24164	24188
99.3	23426	25095	24169	24193
99.4	23427	25106	24174	24199
99.5	23429	25131	24179	24205
99.6	23432	25153	24185	24211
99.7	23433	25168	24190	24217
99.8	23436	25184	24196	24223
99.9	23439	25200	24201	24229
100	23443	25213	24207	24235
100.1	23444	25218	24213	24241
100.2	23450	25220	24217	24247
100.3	23453	25226	24224	24253
100.4	23455	25231	24230	24259
100.5	23459	25240	24235	24265
100.6	23466	25248	24242	24271
100.7	23470	25256	24247	24277
100.8	23474	25265	24251	24284
100.9	23477	25273	24255	24290
101	23480	25281	24262	24296
101.1	23482	25290	24268	24302
101.2	23487	25296	24275	24308
101.3	23491	25301	24280	24314
101.4	23494	25307	24287	24320
101.5	23500	25311	24295	24327
101.6	23507	25316	24301	24333
101.7	23514	25319	24304	24339
101.8	23526	25325	24308	24345
101.9	23536	25330	24314	24351
102	23540	25335	24322	24357
102.1	23544	25346	24330	24363
102.2	23548	25352	24336	24370
102.3	23551	25359	24345	24376
102.4	23554	25371	24350	24382
102.5	23557	25387	24355	24388
102.6	23559	25395	24359	24394
102.7	23562	25400	24365	24400
102.8	23565	25404	24371	24406
102.9	23567	25409	24378	24413
103	23570	25414	24385	24419
103.1	23572	25422	24390	24425
103.2	23575	25426	24395	24431
103.3	23578	25429	24400	24437
103.4	23580	25435	24405	24443
103.5	23583	25446	24409	24449
103.6	23584	25456	24414	24455
103.7	23585	25468	24419	24462
103.8	23587	25478	24424	24468
103.9	23588	25488	24428	24474
104	23589	25495	24434	24480
104.1	23591	25500	24440	24486
104.2	23592	25520	24446	24492
104.3	23594	25532	24452	24498
104.4	23596	25545	24457	24505
104.5	23597	25552	24462	24511
104.6	23602	25562	24468	24517
104.7	23608	25574	24474	24523
104.8	23613	25589	24479	24529
104.9	23616	25597	24484	24535
105	23619	25608	24490	24541
105.1	23629	25614	24500	24550
105.2	23643	25619	24509	24559
105.3	23654	25628	24522	24568
105.4	23665	25639	24529	24577
105.5	23674	25650	24538	24586
105.6	23682	25660	24544	24595
105.7	23690	25676	24552	24604
105.8	23694	25693	24563	24613
105.9	23701	25706	24574	24622
106	23708	25713	24584	24631
106.1	23728	25726	24593	24640
106.2	23731	25730	24602	24649
106.3	23740	25731	24612	24658
106.4	23746	25744	24622	24667
106.5	23748	25757	24629	24676
106.6	23756	25767	24638	24685
106.7	23765	25781	24649	24694
106.8	23774	25789	24658	24703
106.9	23778	25792	24666	24711
107	23783	25794	24675	24720
107.1	23791	25802	24686	24729
107.2	23799	25815	24694	24738
107.3	23807	25831	24703	24747
107.4	23814	25842	24711	24756
107.5	23818	25861	24720	24765
107.6	23820	25881	24728	24774
107.7	23822	25893	24736	24783
107.8	23826	25901	24740	24792
107.9	23833	25915	24749	24801
108	23841	25931	24755	24810
108.1	23849	25951	24764	24819
108.2	23858	25970	24771	24828
108.3	23869	25994	24778	24837
108.4	23877	26018	24787	24846
108.5	23881	26034	24797	24855
108.6	23887	26048	24809	24864
108.7	23896	26066	24814	24873
108.8	23902	26086	24823	24881
108.9	23909	26101	24830	24890
109	23910	26126	24838	24899
109.1	23910	26141	24849	24908
109.2	23911	26157	24859	24917
109.3	23911	26178	24865	24926
109.4	23917	26187	24876	24935
109.5	23925	26202	24883	24944
109.6	23928	26222	24891	24953
109.7	23932	26238	24900	24962
109.8	23934	26261	24908	24971
109.9	23937	26286	24919	24980
110	23939	26316	24928	24989
110.1	23956	26318	24937	25002
110.2	23966	26322	24951	25014
110.3	23979	26327	24966	25027
110.4	23994	26332	24975	25039
110.5	24005	26337	24989	25052
110.6	24025	26348	25002	25065
110.7	24038	26352	25014	25077
110.8	24055	26357	25029	25090
110.9	24071	26369	25045	25103
111	24081	26378	25059	25115
111.1	24091	26383	25073	25128
111.2	24108	26390	25090	25140
111.3	24118	26401	25101	25153
111.4	24127	26408	25116	25166
111.5	24140	26419	25131	25178
111.6	24149	26428	25143	25191
111.7	24160	26432	25153	25204
111.8	24162	26439	25168	25216
111.9	24170	26446	25184	25229
112	24179	26459	25201	25242
112.1	24188	26470	25215	25254
112.2	24197	26481	25228	25267
112.3	24214	26495	25239	25279
112.4	24223	26504	25252	25292
112.5	24227	26518	25267	25305
112.6	24233	26530	25277	25317
112.7	24240	26544	25287	25330
112.8	24248	26560	25301	25343
112.9	24254	26572	25313	25355
113	24265	26592	25326	25368
113.1	24272	26603	25341	25380
113.2	24279	26611	25352	25393
113.3	24286	26625	25362	25406
113.4	24291	26634	25374	25418
113.5	24298	26652	25389	25431
113.6	24307	26673	25403	25444
113.7	24313	26693	25422	25456
113.8	24323	26711	25437	25469
113.9	24340	26730	25447	25482
114	24353	26755	25460	25494
114.1	24356	26773	25474	25507
114.2	24360	26800	25485	25519
114.3	24366	26822	25496	25532
114.4	24378	26842	25508	25545
114.5	24380	26865	25523	25557
114.6	24392	26893	25538	25570
114.7	24401	26907	25550	25583
114.8	24416	26934	25561	25595
114.9	24418	26950	25576	25608
115	24420	26970	25589	25621
115.1	24437	26978	25602	25634
115.2	24453	26988	25615	25647
115.3	24473	26997	25629	25660
115.4	24489	27003	25642	25673
115.5	24502	27010	25660	25686
115.6	24530	27016	25675	25699
115.7	24547	27022	25687	25712
115.8	24562	27031	25699	25725
115.9	24574	27044	25715	25738
116	24587	27053	25728	25751
116.1	24600	27063	25743	25765
116.2	24614	27070	25754	25778
116.3	24621	27074	25771	25791
116.4	24635	27079	25784	25804
116.5	24643	27088	25797	25817
116.6	24652	27099	25810	25830
116.7	24670	27104	25819	25843
116.8	24679	27109	25831	25856
116.9	24689	27117	25843	25869
117	24706	27121	25855	25882
117.1	24712	27131	25870	25895
117.2	24720	27144	25888	25908
117.3	24733	27157	25904	25922
117.4	24747	27168	25918	25935
117.5	24761	27183	25931	25948
117.6	24774	27191	25945	25961
117.7	24787	27217	25958	25974
117.8	24797	27232	25969	25987
117.9	24802	27246	25982	26000
118	24821	27257	25998	26013
118.1	24831	27276	26011	26026
118.2	24836	27297	26021	26039
118.3	24843	27313	26038	26052
118.4	24860	27326	26054	26066
118.5	24874	27337	26068	26079
118.6	24881	27353	26084	26092
118.7	24887	27365	26093	26105
118.8	24894	27376	26107	26118
118.9	24901	27393	26120	26131
119	24906	27411	26132	26144
119.1	24917	27426	26146	26157
119.2	24930	27442	26161	26170
119.3	24944	27457	26175	26183
119.4	24950	27469	26184	26196
119.5	24956	27488	26200	26210
119.6	24962	27508	26213	26223
119.7	24970	27523	26229	26236
119.8	24981	27544	26241	26249
119.9	24992	27570	26251	26262
120	25001	27592	26262	26275
120.1	25019	27599	26274	26288
120.2	25039	27610	26289	26301
120.3	25057	27616	26303	26314
120.4	25082	27622	26313	26327
120.5	25098	27630	26326	26341
120.6	25107	27643	26340	26354
120.7	25135	27654	26353	26367
120.8	25149	27656	26365	26380
120.9	25172	27660	26379	26393
121	25186	27677	26398	26406
121.1	25191	27691	26412	26419
121.2	25206	27696	26428	26432
121.3	25219	27701	26439	26445
121.4	25230	27710	26454	26458
121.5	25238	27717	26468	26471
121.6	25248	27726	26480	26485
121.7	25260	27736	26501	26498
121.8	25270	27748	26516	26511
121.9	25279	27762	26530	26524
122	25288	27771	26541	26537
122.1	25312	27779	26551	26550
122.2	25320	27786	26570	26563
122.3	25330	27796	26583	26576
122.4	25340	27817	26598	26589
122.5	25348	27826	26613	26602
122.6	25359	27838	26628	26616
122.7	25382	27855	26643	26629
122.8	25395	27865	26656	26642
122.9	25406	27880	26670	26655
123	25414	27896	26689	26668
123.1	25420	27909	26703	26681
123.2	25426	27916	26714	26694
123.3	25435	27934	26727	26707
123.4	25439	27939	26740	26720
123.5	25441	27947	26755	26733
123.6	25446	27960	26772	26747
123.7	25451	27970	26781	26760
123.8	25467	27986	26793	26773
123.9	25476	28011	26810	26786
124	25478	28025	26823	26799
124.1	25482	28034	26838	26812
124.2	25487	28051	26850	26825
124.3	25492	28071	26859	26838
124.4	25497	28086	26873	26851
124.5	25509	28096	26887	26864
124.6	25514	28107	26897	26878
124.7	25528	28124	26912	26891
124.8	25544	28143	26928	26904
124.9	25552	28172	26940	26917
125	25554	28189	26956	26930
125.1	25579	28195	26970	26942
125.2	25604	28201	26980	26955
125.3	25624	28205	26989	26968
125.4	25639	28210	27003	26980
125.5	25654	28216	27016	26993
125.6	25669	28221	27030	27005
125.7	25684	28227	27038	27018
125.8	25703	28232	27051	27030
125.9	25721	28239	27063	27043
126	25735	28246	27081	27055
126.1	25751	28250	27096	27068
126.2	25771	28255	27108	27080
126.3	25786	28261	27120	27093
126.4	25798	28268	27135	27106
126.5	25817	28275	27144	27118
126.6	25835	28283	27155	27131
126.7	25856	28288	27167	27143
126.8	25874	28293	27180	27156
126.9	25894	28298	27192	27168
127	25913	28301	27205	27181
127.1	25928	28307	27220	27193
127.2	25940	28312	27234	27206
127.3	25952	28319	27248	27218
127.4	25963	28326	27264	27231
127.5	25979	28334	27277	27244
127.6	25996	28335	27291	27256
127.7	26012	28340	27306	27269
127.8	26022	28348	27319	27281
127.9	26027	28357	27333	27294
128	26037	28365	27348	27306
128.1	26047	28377	27361	27319
128.2	26061	28384	27377	27331
128.3	26074	28391	27387	27344
128.4	26087	28397	27397	27356
128.5	26096	28405	27414	27369
128.6	26109	28418	27425	27382
128.7	26122	28429	27439	27394
128.8	26134	28442	27449	27407
128.9	26146	28455	27467	27419
129	26158	28465	27478	27432
129.1	26171	28481	27492	27444
129.2	26183	28494	27506	27457
129.3	26195	28502	27519	27469
129.4	26210	28515	27531	27482
129.5	26224	28525	27547	27494
129.6	26237	28541	27558	27507
129.7	26245	28554	27571	27519
129.8	26255	28563	27582	27532
129.9	26264	28581	27593	27545
130	26274	28604	27605	27557
130.1	26284	28605	27618	27570
130.2	26308	28611	27627	27583
130.3	26319	28614	27640	27596
130.4	26339	28618	27653	27609
130.5	26362	28620	27668	27622
130.6	26392	28621	27683	27635
130.7	26411	28627	27693	27648
130.8	26426	28633	27704	27661
130.9	26461	28642	27717	27674
131	26481	28650	27731	27687
131.1	26509	28654	27739	27700
131.2	26534	28659	27750	27713
131.3	26556	28665	27765	27726
131.4	26567	28670	27778	27739
131.5	26591	28673	27795	27753
131.6	26619	28681	27810	27766
131.7	26640	28682	27825	27779
131.8	26651	28684	27840	27792
131.9	26669	28689	27855	27805
132	26683	28694	27868	27818
132.1	26706	28697	27882	27831
132.2	26722	28703	27897	27844
132.3	26742	28714	27909	27857
132.4	26759	28720	27923	27870
132.5	26775	28723	27938	27883
132.6	26788	28725	27951	27896
132.7	26802	28731	27965	27909
132.8	26814	28740	27977	27922
132.9	26829	28747	27990	27935
133	26841	28750	28003	27948
133.1	26849	28755	28019	27961
133.2	26855	28760	28031	27974
133.3	26862	28770	28045	27987
133.4	26872	28779	28061	28000
133.5	26888	28783	28076	28013
133.6	26904	28788	28092	28026
133.7	26913	28800	28104	28039
133.8	26922	28808	28116	28052
133.9	26933	28816	28128	28065
134	26945	28823	28140	28078
134.1	26959	28829	28154	28091
134.2	26975	28835	28172	28104
134.3	26992	28847	28185	28117
134.4	27009	28863	28198	28130
134.5	27015	28876	28214	28143
134.6	27030	28887	28226	28156
134.7	27036	28900	28241	28169
134.8	27043	28918	28254	28182
134.9	27050	28932	28267	28195
135	27062	28950	28278	28208
135.1	27098	28954	28290	28222
135.2	27137	28959	28303	28236
135.3	27173	28964	28312	28250
135.4	27209	28968	28323	28264
135.5	27246	28969	28334	28278
135.6	27284	28973	28345	28292
135.7	27328	28977	28355	28306
135.8	27368	28981	28365	28320
135.9	27403	28983	28377	28334
136	27439	28986	28387	28348
136.1	27483	28988	28400	28362
136.2	27520	28990	28410	28376
136.3	27555	28994	28422	28390
136.4	27590	29000	28433	28404
136.5	27618	29004	28442	28418
136.6	27656	29012	28453	28432
136.7	27686	29017	28466	28446
136.8	27720	29023	28478	28460
136.9	27760	29029	28492	28474
137	27785	29035	28504	28488
137.1	27819	29038	28517	28502
137.2	27854	29044	28527	28516
137.3	27891	29048	28542	28530
137.4	27923	29058	28554	28544
137.5	27962	29064	28566	28558
137.6	27997	29069	28578	28572
137.7	28032	29075	28593	28586
137.8	28067	29086	28605	28600
137.9	28095	29093	28620	28614
138	28122	29098	28632	28628
138.1	28147	29106	28646	28642
138.2	28171	29118	28659	28656
138.3	28197	29125	28671	28670
138.4	28225	29133	28687	28684
138.5	28249	29141	28702	28698
138.6	28267	29149	28714	28712
138.7	28284	29158	28729	28726
138.8	28306	29166	28744	28740
138.9	28323	29177	28759	28754
139	28342	29188	28773	28768
139.1	28360	29203	28786	28782
139.2	28370	29219	28801	28796
139.3	28385	29231	28816	28810
139.4	28395	29244	28830	28824
139.5	28407	29269	28843	28838
139.6	28414	29284	28855	28852
139.7	28435	29300	28866	28866
139.8	28446	29324	28882	28880
139.9	28455	29346	28897	28894
140	28464	29369	28908	28908
140.1	28492	29381	28924	28926
140.2	28512	29395	28944	28945
140.3	28543	29412	28963	28963
140.4	28563	29430	28980	28982
140.5	28578	29449	28999	29000
140.6	28593	29464	29016	29019
140.7	28604	29489	29034	29037
140.8	28618	29507	29053	29056
140.9	28633	29525	29074	29074
141	28650	29550	29091	29093
141.1	28663	29577	29111	29111
141.2	28679	29598	29132	29130
141.3	28693	29620	29148	29148
141.4	28701	29647	29164	29166
141.5	28712	29670	29183	29185
141.6	28722	29699	29204	29203
141.7	28736	29724	29223	29222
141.8	28745	29754	29241	29240
141.9	28756	29774	29258	29259
142	28761	29806	29281	29277
142.1	28770	29838	29299	29296
142.2	28781	29869	29322	29314
142.3	28788	29895	29339	29333
142.4	28794	29925	29358	29351
142.5	28805	29951	29374	29370
142.6	28812	29983	29393	29388
142.7	28817	30013	29412	29407
142.8	28822	30040	29431	29425
142.9	28828	30070	29451	29444
143	28837	30100	29469	29462
143.1	28841	30130	29486	29481
143.2	28846	30164	29503	29499
143.3	28854	30195	29521	29518
143.4	28862	30226	29540	29536
143.5	28870	30255	29557	29555
143.6	28878	30285	29575	29573
143.7	28886	30322	29593	29592
143.8	28892	30363	29612	29610
143.9	28895	30393	29631	29629
144	28903	30426	29649	29647
144.1	28911	30462	29666	29666
144.2	28923	30494	29686	29684
144.3	28931	30524	29701	29703
144.4	28934	30559	29720	29721
144.5	28942	30595	29738	29740
144.6	28946	30627	29756	29758
144.7	28950	30662	29771	29776
144.8	28955	30698	29790	29795
144.9	28960	30731	29809	29813
145	28965	30764	29824	29832
145.1	28988	30767	29839	29846
145.2	29021	30774	29851	29859
145.3	29041	30786	29865	29873
145.4	29057	30796	29883	29887
145.5	29077	30803	29896	29901
145.6	29100	30810	29909	29915
145.7	29122	30817	29921	29928
145.8	29147	30824	29933	29942
145.9	29169	30831	29949	29956
146	29190	30838	29962	29970
146.1	29209	30845	29975	29983
146.2	29225	30850	29990	29997
146.3	29242	30855	30001	30011
146.4	29256	30860	30016	30025
146.5	29277	30867	30032	30039
146.6	29291	30873	30048	30052
146.7	29312	30881	30062	30066
146.8	29326	30887	30077	30080
146.9	29334	30896	30091	30094
147	29342	30900	30106	30107
147.1	29360	30907	30120	30121
147.2	29378	30913	30137	30135
147.3	29396	30917	30150	30149
147.4	29408	30921	30167	30162
147.5	29419	30925	30178	30176
147.6	29430	30935	30196	30190
147.7	29444	30948	30211	30204
147.8	29454	30957	30225	30218
147.9	29465	30965	30241	30231
148	29470	30971	30258	30245
148.1	29478	30979	30272	30259
148.2	29485	30987	30286	30273
148.3	29490	30999	30304	30286
148.4	29496	31009	30320	30300
148.5	29506	31019	30333	30314
148.6	29516	31034	30348	30328
148.7	29530	31049	30360	30341
148.8	29537	31065	30370	30355
148.9	29545	31083	30385	30369
149	29548	31094	30400	30383
149.1	29558	31110	30414	30397
149.2	29570	31124	30427	30410
149.3	29582	31138	30444	30424
149.4	29591	31151	30457	30438
149.5	29603	31168	30470	30452
149.6	29616	31186	30484	30465
149.7	29619	31205	30497	30479
149.8	29621	31223	30510	30493
149.9	29623	31243	30521	30507
150	29625	31266	30534	30521
150.1	29645	31272	30543	30529
150.2	29665	31273	30550	30537
150.3	29675	31280	30557	30545
150.4	29700	31285	30563	30553
150.5	29710	31290	30571	30562
150.6	29723	31294	30580	30570
150.7	29740	31295	30588	30578
150.8	29756	31297	30596	30586
150.9	29764	31299	30603	30594
151	29781	31303	30613	30603
151.1	29789	31307	30622	30611
151.2	29812	31309	30629	30619
151.3	29823	31311	30636	30627
151.4	29829	31318	30643	30636
151.5	29844	31319	30652	30644
151.6	29856	31323	30660	30652
151.7	29864	31327	30668	30660
151.8	29889	31332	30675	30668
151.9	29904	31335	30684	30677
152	29912	31342	30693	30685
152.1	29921	31348	30703	30693
152.2	29924	31354	30710	30701
152.3	29943	31361	30719	30710
152.4	29950	31368	30727	30718
152.5	29959	31374	30738	30726
152.6	29968	31381	30746	30734
152.7	29976	31388	30755	30742
152.8	29985	31394	30764	30751
152.9	29993	31401	30772	30759
153	30001	31407	30780	30767
153.1	30012	31414	30789	30775
153.2	30023	31420	30799	30784
153.3	30032	31430	30809	30792
153.4	30036	31438	30817	30800
153.5	30048	31445	30826	30808
153.6	30056	31450	30832	30816
153.7	30064	31460	30839	30825
153.8	30067	31472	30848	30833
153.9	30072	31478	30857	30841
154	30083	31482	30867	30849
154.1	30087	31490	30875	30857
154.2	30092	31492	30885	30866
154.3	30101	31499	30894	30874
154.4	30105	31512	30902	30882
154.5	30110	31522	30910	30890
154.6	30114	31527	30922	30899
154.7	30119	31544	30930	30907
154.8	30126	31563	30938	30915
154.9	30134	31574	30946	30923
155	30142	31575	30954	30931
155.1	30158	31577	30959	30939
155.2	30169	31588	30967	30946
155.3	30182	31589	30975	30954
155.4	30192	31594	30982	30961
155.5	30206	31605	30989	30968
155.6	30219	31607	30996	30976
155.7	30233	31607	31002	30983
155.8	30246	31608	31010	30991
155.9	30270	31609	31019	30998
156	30282	31612	31025	31005
156.1	30290	31618	31032	31013
156.2	30294	31624	31037	31020
156.3	30300	31630	31045	31028
156.4	30314	31636	31055	31035
156.5	30327	31638	31063	31042
156.6	30341	31640	31073	31050
156.7	30350	31644	31082	31057
156.8	30360	31646	31089	31064
156.9	30371	31661	31097	31072
157	30380	31661	31105	31079
157.1	30389	31665	31112	31087
157.2	30401	31671	31122	31094
157.3	30403	31672	31128	31101
157.4	30416	31673	31134	31109
157.5	30428	31674	31141	31116
157.6	30438	31675	31150	31124
157.7	30447	31686	31159	31131
157.8	30457	31692	31165	31138
157.9	30463	31703	31171	31146
158	30468	31714	31179	31153
158.1	30472	31724	31186	31161
158.2	30486	31724	31192	31168
158.3	30494	31734	31202	31175
158.4	30496	31747	31210	31183
158.5	30507	31759	31217	31190
158.6	30516	31767	31225	31198
158.7	30520	31774	31234	31205
158.8	30524	31784	31241	31212
158.9	30531	31792	31249	31220
159	30537	31799	31256	31227
159.1	30545	31809	31264	31234
159.2	30551	31820	31272	31242
159.3	30558	31825	31279	31249
159.4	30566	31832	31288	31257
159.5	30570	31838	31295	31264
159.6	30573	31844	31302	31271
159.7	30575	31849	31308	31279
159.8	30577	31853	31315	31286
159.9	30579	31859	31324	31294
160	30582	31864	31332	31301
160.1	30604	31871	31339	31309
160.2	30628	31884	31344	31317
160.3	30651	31890	31350	31324
160.4	30675	31892	31356	31332
160.5	30698	31902	31361	31340
160.6	30721	31909	31367	31348
160.7	30740	31914	31372	31356
160.8	30767	31923	31378	31363
160.9	30788	31927	31384	31371
161	30807	31932	31390	31379
161.1	30826	31938	31398	31387
161.2	30846	31944	31404	31395
161.3	30866	31950	31410	31402
161.4	30883	31956	31416	31410
161.5	30903	31964	31422	31418
161.6	30921	31969	31429	31426
161.7	30940	31975	31435	31434
161.8	30960	31986	31441	31441
161.9	30977	31990	31448	31449
162	31002	31996	31454	31457
162.1	31019	32002	31461	31465
162.2	31044	32008	31466	31473
162.3	31061	32022	31472	31480
162.4	31079	32037	31478	31488
162.5	31091	32050	31485	31496
162.6	31107	32053	31489	31504
162.7	31127	32056	31494	31512
162.8	31148	32059	31501	31519
162.9	31162	32062	31506	31527
163	31175	32068	31513	31535
163.1	31188	32077	31520	31543
163.2	31202	32084	31526	31551
163.3	31215	32092	31534	31558
163.4	31227	32100	31540	31566
163.5	31236	32107	31547	31574
163.6	31245	32115	31554	31582
163.7	31258	32124	31561	31590
163.8	31271	32130	31568	31597
163.9	31279	32136	31576	31605
164	31287	32142	31585	31613
164.1	31298	32148	31592	31621
164.2	31302	32154	31598	31629
164.3	31313	32160	31606	31637
164.4	31319	32166	31615	31644
164.5	31328	32171	31623	31652
164.6	31335	32172	31630	31660
164.7	31341	32175	31637	31668
164.8	31348	32187	31644	31676
164.9	31356	32200	31650	31683
165	31361	32212	31658	31691
165.1	31380	32234	31677	31710
165.2	31398	32246	31695	31729
165.3	31413	32266	31715	31748
165.4	31421	32279	31734	31767
165.5	31433	32318	31752	31785
165.6	31444	32346	31769	31804
165.7	31459	32372	31784	31823
165.8	31471	32403	31800	31842
165.9	31482	32454	31816	31861
166	31492	32523	31833	31880
166.1	31500	32600	31848	31899
166.2	31513	32662	31862	31918
166.3	31520	32697	31878	31936
166.4	31525	32750	31893	31955
166.5	31531	32824	31908	31974
166.6	31539	32902	31926	31993
166.7	31548	32932	31941	32012
166.8	31553	32995	31957	32031
166.9	31557	33048	31972	32050
167	31567	33098	31987	32068
167.1	31571	33165	32001	32087
167.2	31577	33215	32018	32106
167.3	31580	33271	32033	32125
167.4	31582	33339	32048	32144
167.5	31586	33389	32061	32163
167.6	31589	33431	32076	32182
167.7	31591	33450	32090	32201
167.8	31596	33512	32106	32219
167.9	31600	33576	32121	32238
168	31603	33619	32136	32257
168.1	31606	33671	32152	32276
168.2	31608	33727	32168	32295
168.3	31610	33791	32185	32314
168.4	31611	33858	32202	32333
168.5	31617	33910	32218	32351
168.6	31618	33971	32235	32370
168.7	31620	34029	32247	32389
168.8	31621	34078	32263	32408
168.9	31625	34141	32279	32427
169	31630	34157	32292	32446
169.1	31636	34212	32306	32465
169.2	31638	34271	32322	32484
169.3	31639	34332	32338	32502
169.4	31641	34393	32354	32521
169.5	31644	34455	32368	32540
169.6	31647	34517	32382	32559
169.7	31651	34578	32398	32578
169.8	31653	34640	32410	32597
169.9	31656	34702	32427	32616
170	31659	34764	32441	32635
170.1	31672	34792	32458	32654
170.2	31684	34824	32473	32674
170.3	31703	34841	32489	32694
170.4	31731	34846	32507	32714
170.5	31749	34856	32526	32733
170.6	31762	34862	32546	32753
170.7	31768	34868	32564	32773
170.8	31777	34895	32585	32793
170.9	31787	34938	32607	32812
171	31799	34960	32636	32832
171.1	31807	34996	32660	32852
171.2	31819	35032	32682	32872
171.3	31828	35068	32707	32891
171.4	31836	35095	32727	32911
171.5	31846	35099	32744	32931
171.6	31856	35104	32763	32951
171.7	31864	35126	32789	32970
171.8	31869	35168	32809	32990
171.9	31874	35212	32830	33010
172	31882	35241	32853	33030
172.1	31891	35253	32876	33049
172.2	31894	35269	32895	33069
