depth	min	max	median	mean
0	-66	2170	120	242
0.1	24	2216	205	324
0.2	114	2262	290	406
0.3	204	2308	376	489
0.4	292	2353	460	571
0.5	379	2399	546	653
0.6	467	2445	631	735
0.7	552	2490	716	818
0.8	638	2536	801	900
0.9	722	2582	886	982
1	807	2628	971	1064
1.1	893	2673	1057	1147
1.2	978	2719	1142	1229
1.3	1062	2765	1226	1311
1.4	1147	2811	1313	1393
1.5	1231	2856	1397	1476
1.6	1316	2902	1482	1558
1.7	1400	2948	1567	1640
1.8	1485	2994	1652	1722
1.9	1569	3039	1738	1805
2	1653	3083	1823	1887
2.1	1737	3128	1910	1969
2.2	1818	3172	1995	2051
2.3	1902	3216	2080	2133
2.4	1986	3257	2165	2216
2.5	2071	3298	2249	2298
2.6	2156	3342	2335	2380
2.7	2239	3385	2419	2462
2.8	2322	3428	2504	2545
2.9	2406	3469	2587	2627
3	2489	3509	2673	2709
3.1	2573	3549	2757	2791
3.2	2655	3589	2840	2874
3.3	2738	3630	2924	2956
3.4	2821	3670	3008	3038
3.5	2904	3712	3093	3120
3.6	2984	3761	3177	3203
3.7	3067	3823	3261	3285
3.8	3150	3882	3345	3367
3.9	3232	3928	3428	3449
4	3315	3973	3512	3532
4.1	3397	4018	3596	3614
4.2	3480	4082	3679	3696
4.3	3561	4133	3761	3778
4.4	3636	4184	3846	3860
4.5	3711	4241	3930	3943
4.6	3787	4311	4012	4025
4.7	3867	4379	4095	4107
4.8	3946	4460	4180	4189
4.9	4022	4549	4261	4272
5	4095	4636	4344	4354
5.1	4107	4641	4349	4360
5.2	4120	4644	4354	4367
5.3	4131	4646	4360	4373
5.4	4143	4647	4367	4379
5.5	4154	4648	4372	4386
5.6	4166	4651	4378	4392
5.7	4175	4655	4384	4399
5.8	4189	4661	4391	4405
5.9	4199	4664	4397	4411
6	4208	4667	4405	4418
6.1	4216	4674	4412	4424
6.2	4222	4683	4418	4431
6.3	4229	4686	4424	4437
6.4	4234	4692	4431	4443
6.5	4239	4695	4438	4450
6.6	4246	4699	4445	4456
6.7	4251	4705	4452	4463
6.8	4255	4710	4459	4469
6.9	4259	4717	4467	4475
7	4264	4726	4473	4482
7.1	4268	4732	4480	4488
7.2	4272	4742	4487	4495
7.3	4277	4749	4494	4501
7.4	4281	4760	4501	4507
7.5	4287	4769	4508	4514
7.6	4292	4778	4515	4520
7.7	4297	4790	4521	4526
7.8	4301	4802	4530	4533
7.9	4306	4813	4536	4539
8	4311	4822	4543	4546
8.1	4314	4832	4549	4552
8.2	4319	4841	4555	4558
8.3	4323	4848	4561	4565
8.4	4327	4857	4568	4571
8.5	4330	4866	4576	4578
8.6	4333	4877	4583	4584
8.7	4336	4890	4590	4590
8.8	4340	4901	4596	4597
8.9	4344	4910	4603	4603
9	4347	4922	4610	4610
9.1	4350	4936	4616	4616
9.2	4353	4950	4622	4622
9.3	4356	4961	4628	4629
9.4	4359	4972	4633	4635
9.5	4362	4985	4639	4642
9.6	4366	4998	4645	4648
9.7	4369	5009	4652	4654
9.8	4371	5020	4658	4661
9.9	4373	5033	4664	4667
10	4377	5047	4670	4673
10.1	4388	5054	4675	4680
10.2	4398	5059	4681	4687
10.3	4411	5064	4689	4694
10.4	4423	5070	4694	4701
10.5	4432	5075	4701	4707
10.6	4442	5083	4706	4714
10.7	4457	5089	4712	4721
10.8	4471	5098	4718	4728
10.9	4478	5104	4725	4734
11	4489	5109	4732	4741
11.1	4499	5118	4737	4748
11.2	4509	5126	4745	4755
11.3	4518	5136	4752	4761
11.4	4528	5141	4757	4768
11.5	4539	5152	4764	4775
11.6	4549	5159	4772	4782
11.7	4557	5167	4778	4788
11.8	4565	5180	4785	4795
11.9	4573	5193	4793	4802
12	4580	5201	4799	4809
12.1	4584	5210	4805	4815
12.2	4589	5222	4812	4822
12.3	4593	5232	4819	4829
12.4	4597	5243	4826	4836
12.5	4602	5248	4834	4842
12.6	4607	5259	4842	4849
12.7	4611	5269	4849	4856
12.8	4617	5275	4857	4863
12.9	4622	5283	4864	4869
13	4626	5290	4871	4876
13.1	4631	5299	4878	4883
13.2	4635	5306	4883	4890
13.3	4639	5310	4890	4896
13.4	4643	5320	4896	4903
13.5	4645	5330	4902	4910
13.6	4649	5338	4908	4917
13.7	4651	5347	4914	4923
13.8	4653	5356	4920	4930
13.9	4654	5363	4926	4937
14	4658	5370	4932	4944
14.1	4660	5377	4937	4950
14.2	4662	5384	4943	4957
14.3	4665	5392	4947	4964
14.4	4669	5402	4953	4971
14.5	4673	5413	4959	4977
14.6	4677	5426	4964	4984
14.7	4680	5436	4971	4991
14.8	4683	5446	4978	4998
14.9	4687	5460	4984	5004
15	4689	5473	4989	5011
15.1	4693	5485	4999	5022
15.2	4700	5497	5009	5032
15.3	4707	5509	5022	5043
15.4	4715	5521	5033	5054
15.5	4719	5531	5045	5064
15.6	4723	5543	5056	5075
15.7	4727	5557	5067	5085
15.8	4730	5569	5078	5096
15.9	4737	5584	5092	5107
16	4746	5599	5104	5117
16.1	4750	5609	5115	5128
16.2	4754	5623	5125	5138
16.3	4755	5641	5137	5149
16.4	4757	5652	5147	5160
16.5	4764	5662	5159	5170
16.6	4770	5673	5169	5181
16.7	4773	5686	5180	5191
16.8	4777	5701	5190	5202
16.9	4778	5716	5202	5213
17	4780	5734	5212	5223
17.1	4784	5752	5224	5234
17.2	4785	5767	5234	5244
17.3	4787	5778	5243	5255
17.4	4788	5795	5253	5266
17.5	4790	5814	5263	5276
17.6	4793	5836	5272	5287
17.7	4795	5862	5281	5297
17.8	4797	5880	5290	5308
17.9	4799	5900	5301	5319
18	4803	5921	5310	5329
18.1	4806	5942	5321	5340
18.2	4809	5956	5330	5350
18.3	4812	5975	5339	5361
18.4	4813	5998	5348	5372
21	4980	6444	5659	5672
21.1	4987	6456	5673	5685
21.2	4994	6468	5692	5698
21.3	5001	6477	5710	5711
21.4	5008	6491	5721	5724
21.5	5016	6504	5735	5737
21.6	5026	6519	5752	5750
21.7	5032	6536	5768	5763
21.8	5038	6545	5785	5776
21.9	5044	6552	5797	5789
22	5051	6561	5811	5802
22.1	5058	6574	5824	5815
22.2	5064	6591	5839	5828
22.3	5075	6604	5851	5841
22.4	5081	6618	5863	5854
22.5	5089	6631	5876	5867
22.6	5096	6648	5892	5881
22.7	5104	6663	5906	5894
22.8	5109	6675	5920	5907
22.9	5113	6693	5931	5920
23	5119	6709	5946	5933
23.1	5124	6727	5960	5946
23.2	5128	6741	5976	5959
23.3	5136	6753	5989	5972
23.4	5139	6772	6001	5985
23.5	5144	6800	6014	5998
23.6	5149	6820	6030	6011
23.7	5154	6842	6041	6024
23.8	5164	6865	6052	6037
23.9	5173	6894	6067	6050
24	5180	6920	6077	6063
24.1	5187	6943	6090	6076
24.2	5192	6958	6102	6089
24.3	5199	6982	6114	6102
24.4	5206	7005	6129	6116
24.5	5211	7036	6143	6129
24.6	5217	7065	6154	6142
24.7	5223	7091	6166	6155
24.8	5230	7113	6179	6168
24.9	5235	7142	6193	6181
25	5242	7171	6207	6194
25.1	5272	7173	6225	6211
25.2	5305	7177	6239	6229
25.3	5333	7180	6255	6247
25.4	5369	7183	6272	6264
25.5	5400	7185	6290	6282
25.6	5434	7191	6307	6300
25.7	5471	7199	6321	6317
25.8	5507	7205	6333	6335
25.9	5541	7208	6350	6352
26	5574	7211	6365	6370
26.1	5604	7214	6383	6388
26.2	5639	7217	6399	6405
26.3	5665	7219	6413	6423
26.4	5696	7223	6427	6441
26.5	5725	7228	6442	6458
26.6	5753	7233	6458	6476
26.7	5779	7237	6473	6493
26.8	5812	7240	6491	6511
26.9	5840	7244	6507	6529
27	5873	7249	6526	6546
27.1	5902	7254	6541	6564
27.2	5925	7258	6559	6582
27.3	5952	7259	6576	6599
27.4	5984	7264	6596	6617
27.5	6011	7269	6615	6634
27.6	6034	7273	6633	6652
27.7	6052	7277	6654	6670
27.8	6075	7284	6673	6687
27.9	6094	7291	6693	6705
28	6116	7300	6712	6723
28.1	6133	7304	6737	6740
28.2	6154	7308	6758	6758
28.3	6174	7311	6782	6775
28.4	6200	7317	6801	6793
28.5	6216	7323	6820	6811
28.6	6235	7333	6842	6828
28.7	6252	7340	6859	6846
28.8	6269	7345	6880	6864
28.9	6288	7351	6902	6881
29	6303	7358	6926	6899
29.1	6313	7364	6949	6916
29.2	6329	7369	6970	6934
29.3	6338	7380	6991	6952
29.4	6354	7390	7015	6969
29.5	6372	7399	7038	6987
29.6	6385	7413	7060	7005
29.7	6401	7427	7079	7022
29.8	6414	7439	7101	7040
29.9	6426	7453	7119	7057
30	6438	7473	7137	7075
30.1	6479	7475	7150	7092
30.2	6520	7481	7166	7109
30.3	6561	7485	7179	7126
30.4	6605	7488	7195	7143
30.5	6649	7491	7209	7160
30.6	6690	7495	7223	7176
30.7	6731	7501	7238	7193
30.8	6771	7505	7252	7210
30.9	6811	7508	7265	7227
31	6854	7511	7278	7244
31.1	6894	7515	7292	7261
31.2	6935	7519	7306	7278
31.3	6974	7524	7320	7295
31.4	7012	7527	7333	7312
31.5	7055	7530	7348	7329
31.6	7092	7534	7362	7345
31.7	7133	7540	7376	7362
31.8	7173	7547	7389	7379
31.9	7210	7553	7403	7396
32	7244	7558	7417	7413
32.1	7280	7567	7433	7430
32.2	7313	7575	7447	7447
32.3	7345	7590	7462	7464
32.4	7370	7602	7480	7481
32.5	7388	7617	7496	7498
32.6	7405	7636	7512	7514
32.7	7416	7664	7529	7531
32.8	7426	7690	7546	7548
32.9	7435	7720	7563	7565
33	7444	7748	7578	7582
33.1	7450	7782	7593	7599
33.2	7458	7817	7609	7616
33.3	7464	7854	7623	7633
33.4	7468	7893	7637	7650
33.5	7473	7929	7652	7667
33.6	7476	7969	7667	7684
33.7	7480	8011	7683	7700
33.8	7483	8054	7698	7717
33.9	7488	8095	7711	7734
34	7490	8139	7726	7751
34.1	7493	8179	7740	7768
34.2	7497	8222	7755	7785
34.3	7501	8264	7769	7802
34.4	7504	8303	7784	7819
34.5	7508	8343	7800	7836
34.6	7510	8385	7813	7853
34.7	7512	8426	7827	7869
34.8	7515	8466	7842	7886
34.9	7519	8505	7857	7903
35	7523	8547	7872	7920
35.1	7547	8556	7890	7938
35.2	7566	8573	7909	7956
35.3	7586	8588	7926	7974
35.4	7600	8607	7947	7992
35.5	7615	8625	7968	8011
35.6	7629	8639	7988	8029
35.7	7640	8652	8008	8047
35.8	7651	8664	8032	8065
35.9	7659	8676	8053	8083
36	7671	8695	8074	8101
36.1	7679	8714	8095	8119
36.2	7686	8727	8115	8137
36.3	7697	8745	8135	8155
36.4	7705	8761	8155	8173
36.5	7710	8785	8176	8191
36.6	7717	8803	8195	8210
36.7	7724	8822	8214	8228
36.8	7734	8838	8235	8246
36.9	7743	8853	8254	8264
37	7750	8871	8270	8282
37.1	7757	8891	8289	8300
37.2	7764	8911	8309	8318
37.3	7770	8934	8330	8336
37.4	7775	8954	8351	8354
37.5	7783	8978	8372	8372
37.6	7790	9002	8392	8390
37.7	7798	9023	8407	8408
37.8	7805	9039	8425	8427
37.9	7813	9063	8443	8445
38	7819	9087	8460	8463
38.1	7824	9110	8479	8481
38.2	7830	9136	8494	8499
38.3	7838	9157	8512	8517
38.4	7847	9184	8533	8535
38.5	7855	9209	8549	8553
38.6	7862	9234	8569	8571
38.7	7869	9257	8586	8589
38.8	7876	9287	8606	8607
38.9	7882	9314	8625	8626
39	7888	9340	8644	8644
39.1	7896	9375	8659	8662
39.2	7904	9408	8675	8680
39.3	7911	9435	8693	8698
39.4	7918	9466	8710	8716
39.5	7926	9500	8727	8734
39.6	7934	9531	8745	8752
39.7	7942	9568	8761	8770
39.8	7948	9599	8777	8788
39.9	7954	9633	8796	8806
40	7959	9664	8814	8824
40.1	8007	9667	8840	8850
40.2	8054	9673	8866	8876
40.3	8101	9681	8892	8901
40.4	8148	9690	8916	8927
40.5	8197	9695	8940	8952
40.6	8247	9699	8966	8978
40.7	8297	9703	8992	9003
40.8	8344	9706	9019	9029
40.9	8392	9711	9046	9055
41	8439	9715	9072	9080
41.1	8488	9720	9101	9106
41.2	8535	9727	9128	9131
41.3	8582	9733	9152	9157
41.4	8630	9740	9179	9182
41.5	8678	9748	9205	9208
41.6	8727	9751	9229	9233
41.7	8773	9755	9255	9259
41.8	8820	9764	9282	9285
41.9	8869	9773	9305	9310
42	8915	9779	9331	9336
42.1	8963	9785	9357	9361
42.2	9010	9793	9383	9387
42.3	9056	9799	9409	9412
42.4	9103	9808	9432	9438
42.5	9151	9817	9458	9463
42.6	9196	9824	9485	9489
42.7	9240	9838	9509	9515
42.8	9281	9856	9535	9540
42.9	9326	9870	9560	9566
43	9371	9891	9584	9591
43.1	9416	9906	9608	9617
43.2	9456	9923	9632	9642
43.3	9501	9943	9654	9668
43.4	9542	9963	9678	9694
43.5	9581	9986	9701	9719
43.6	9615	10013	9724	9745
43.7	9643	10040	9748	9770
43.8	9666	10062	9775	9796
43.9	9687	10089	9802	9821
44	9700	10120	9830	9847
44.1	9711	10156	9857	9872
44.2	9716	10191	9883	9898
44.3	9721	10228	9911	9924
44.4	9727	10261	9937	9949
44.5	9733	10295	9963	9975
44.6	9738	10330	9989	10000
44.7	9743	10370	10015	10026
44.8	9749	10409	10043	10051
44.9	9754	10451	10068	10077
45	9758	10487	10095	10102
45.1	9804	10528	10134	10142
45.2	9838	10569	10175	10181
45.3	9865	10612	10217	10221
45.4	9888	10666	10258	10260
45.5	9911	10721	10301	10300
45.6	9930	10773	10337	10339
45.7	9946	10829	10377	10379
45.8	9962	10892	10412	10418
45.9	9978	10965	10447	10458
46	9985	11031	10484	10497
46.1	9996	11109	10522	10537
46.2	10007	11190	10557	10576
46.3	10018	11277	10591	10616
46.4	10027	11361	10624	10655
46.5	10038	11439	10659	10695
46.6	10047	11522	10693	10734
46.7	10057	11614	10727	10774
46.8	10068	11711	10763	10813
46.9	10081	11806	10799	10853
47	10091	11898	10831	10892
47.1	10101	11986	10866	10932
47.2	10110	12081	10900	10971
47.3	10115	12179	10934	11011
47.4	10126	12275	10969	11050
47.5	10136	12363	11003	11090
47.6	10147	12458	11039	11129
47.7	10156	12557	11074	11169
47.8	10165	12652	11109	11208
47.9	10176	12752	11146	11248
48	10187	12850	11180	11287
48.1	10197	12946	11213	11327
48.2	10206	13038	11249	11366
48.3	10218	13134	11287	11406
48.4	10228	13231	11322	11445
48.5	10234	13330	11360	11485
48.6	10240	13431	11395	11524
48.7	10246	13529	11430	11564
48.8	10252	13624	11467	11603
48.9	10260	13722	11503	11643
49	10267	13822	11538	11682
49.1	10274	13921	11577	11722
49.2	10279	14021	11612	11761
49.3	10281	14118	11647	11801
49.4	10286	14216	11682	11840
49.5	10292	14314	11718	11880
49.6	10297	14413	11755	11919
49.7	10304	14513	11791	11959
49.8	10311	14613	11827	11998
49.9	10317	14710	11864	12038
50	10324	14810	11901	12077
50.1	10369	14836	11932	12112
50.2	10404	14864	11961	12146
50.3	10441	14890	12001	12181
50.4	10484	14916	12034	12216
50.5	10516	14934	12086	12250
50.6	10545	14956	12127	12285
50.7	10578	14967	12173	12319
50.8	10594	14973	12208	12354
50.9	10607	14993	12250	12389
51	10639	15013	12294	12423
51.1	10659	15026	12324	12458
51.2	10684	15056	12357	12492
51.3	10716	15093	12389	12527
51.4	10745	15131	12421	12562
51.5	10761	15175	12456	12596
51.6	10779	15209	12497	12631
51.7	10807	15244	12522	12665
51.8	10830	15267	12558	12700
51.9	10846	15300	12589	12735
52	10869	15349	12626	12769
52.1	10902	15387	12655	12804
52.2	10927	15422	12685	12838
52.3	10947	15447	12720	12873
52.4	10961	15487	12762	12908
52.5	10980	15541	12793	12942
52.6	10989	15592	12827	12977
52.7	11003	15637	12862	13011
52.8	11025	15660	12896	13046
52.9	11050	15694	12933	13081
53	11070	15735	12963	13115
53.1	11084	15786	13010	13150
53.2	11098	15833	13038	13184
53.3	11111	15874	13076	13219
53.4	11124	15909	13113	13254
53.5	11142	15948	13150	13288
53.6	11157	15997	13187	13323
53.7	11176	16051	13221	13357
53.8	11189	16101	13262	13392
53.9	11200	16159	13294	13427
54	11212	16226	13330	13461
54.1	11225	16272	13361	13496
54.2	11239	16309	13392	13530
54.3	11251	16363	13424	13565
54.4	11264	16425	13459	13600
54.5	11278	16479	13494	13634
54.6	11287	16536	13529	13669
54.7	11293	16593	13566	13703
54.8	11298	16646	13597	13738
54.9	11303	16698	13631	13773
55	11318	16752	13671	13807
55.1	11414	16771	13707	13850
55.2	11495	16788	13740	13892
55.3	11576	16802	13771	13935
55.4	11670	16827	13812	13978
55.5	11763	16853	13853	14020
55.6	11840	16872	13892	14063
55.7	11909	16890	13930	14106
55.8	11986	16916	13956	14148
55.9	12063	16943	13987	14191
56	12136	16957	14031	14234
56.1	12208	16972	14059	14276
56.2	12281	16988	14103	14319
56.3	12353	17013	14152	14362
56.4	12436	17037	14189	14404
56.5	12491	17054	14234	14447
56.6	12569	17079	14277	14490
56.7	12653	17111	14323	14532
56.8	12712	17136	14371	14575
56.9	12783	17157	14417	14618
57	12835	17179	14464	14660
57.1	12877	17197	14511	14703
57.2	12912	17208	14555	14746
57.3	12951	17239	14600	14788
57.4	12999	17262	14654	14831
57.5	13065	17283	14702	14874
57.6	13115	17297	14751	14916
57.7	13136	17309	14803	14959
57.8	13175	17338	14859	15002
57.9	13198	17360	14910	15044
58	13240	17381	14969	15087
58.1	13251	17409	15021	15130
58.2	13293	17427	15079	15172
58.3	13322	17451	15131	15215
58.4	13342	17465	15182	15258
58.5	13365	17478	15239	15300
58.6	13386	17493	15292	15343
58.7	13416	17518	15355	15386
58.8	13447	17555	15405	15428
58.9	13462	17586	15452	15471
59	13483	17613	15499	15514
59.1	13518	17633	15549	15556
59.2	13541	17671	15600	15599
59.3	13563	17704	15650	15642
59.4	13586	17764	15697	15684
59.5	13629	17802	15749	15727
59.6	13650	17842	15792	15770
59.7	13680	17876	15848	15812
59.8	13706	17910	15893	15855
59.9	13713	17963	15944	15898
60	13728	18015	15994	15940
60.1	13797	18023	16023	15971
60.2	13853	18028	16055	16001
60.3	13920	18033	16075	16031
60.4	13979	18040	16098	16061
60.5	14021	18053	16136	16091
60.6	14074	18067	16162	16122
60.7	14110	18080	16189	16152
60.8	14162	18093	16215	16182
60.9	14198	18101	16240	16212
61	14226	18111	16279	16242
61.1	14275	18123	16303	16273
61.2	14311	18130	16338	16303
61.3	14334	18142	16375	16333
61.4	14367	18155	16408	16363
61.5	14426	18167	16436	16393
61.6	14461	18179	16475	16424
61.7	14529	18187	16505	16454
61.8	14569	18197	16539	16484
61.9	14593	18209	16580	16514
62	14659	18220	16616	16544
62.1	14702	18229	16646	16575
62.2	14738	18244	16681	16605
62.3	14754	18254	16713	16635
62.4	14772	18266	16745	16665
62.5	14792	18285	16784	16696
62.6	14853	18300	16813	16726
62.7	14885	18313	16849	16756
62.8	14918	18325	16887	16786
62.9	14954	18338	16916	16816
63	14997	18346	16946	16847
63.1	15025	18354	16976	16877
63.2	15048	18366	17006	16907
63.3	15073	18375	17044	16937
63.4	15102	18384	17080	16967
63.5	15123	18398	17118	16998
63.6	15144	18407	17145	17028
63.7	15168	18415	17179	17058
63.8	15190	18426	17216	17088
63.9	15208	18437	17256	17118
64	15229	18451	17292	17149
64.1	15247	18471	17315	17179
64.2	15266	18487	17344	17209
64.3	15285	18502	17373	17239
64.4	15299	18523	17407	17269
64.5	15313	18541	17438	17300
64.6	15327	18570	17468	17330
64.7	15343	18597	17497	17360
64.8	15363	18622	17523	17390
64.9	15389	18647	17553	17420
65	15414	18673	17581	17451
65.1	15520	18678	17621	17493
65.2	15625	18683	17658	17535
65.3	15727	18689	17695	17578
65.4	15832	18692	17733	17620
65.5	15939	18696	17772	17663
65.6	16049	18700	17809	17705
65.7	16156	18705	17845	17748
65.8	16264	18712	17882	17790
65.9	16376	18720	17920	17833
66	16485	18726	17958	17875
66.1	16587	18732	17999	17917
66.2	16694	18738	18038	17960
66.3	16802	18746	18077	18002
66.4	16903	18755	18115	18045
66.5	17016	18766	18154	18087
66.6	17123	18772	18192	18130
66.7	17234	18779	18231	18172
66.8	17342	18788	18270	18214
66.9	17453	18799	18308	18257
67	17556	18812	18345	18299
67.1	17663	18818	18382	18342
67.2	17757	18826	18420	18384
67.3	17849	18834	18459	18427
67.4	17947	18850	18497	18469
67.5	18044	18861	18534	18512
67.6	18144	18880	18571	18554
67.7	18233	18901	18609	18596
67.8	18305	18922	18651	18639
67.9	18357	18945	18691	18681
68	18408	18971	18734	18724
68.1	18461	19008	18777	18766
68.2	18493	19053	18821	18809
68.3	18514	19119	18862	18851
68.4	18545	19199	18903	18894
68.5	18566	19279	18938	18936
68.6	18586	19365	18977	18978
68.7	18605	19457	19012	19021
68.8	18619	19554	19052	19063
68.9	18634	19652	19088	19106
69	18658	19754	19124	19148
69.1	18678	19852	19161	19191
69.2	18687	19955	19197	19233
69.3	18699	20056	19234	19275
69.4	18706	20154	19272	19318
69.5	18717	20251	19309	19360
69.6	18726	20354	19347	19403
69.7	18737	20449	19384	19445
69.8	18747	20543	19422	19488
69.9	18753	20636	19461	19530
70	18760	20736	19500	19573
70.1	18807	20747	19532	19604
70.2	18855	20761	19564	19635
70.3	18899	20779	19595	19666
70.4	18943	20799	19626	19698
70.5	18978	20819	19660	19729
70.6	19016	20832	19697	19760
70.7	19056	20846	19731	19792
70.8	19098	20862	19760	19823
70.9	19135	20885	19791	19854
71	19173	20900	19823	19886
71.1	19209	20912	19857	19917
71.2	19250	20925	19893	19948
71.3	19286	20941	19927	19980
71.4	19325	20957	19962	20011
71.5	19361	20975	19997	20042
71.6	19388	20990	20032	20074
71.7	19420	21001	20063	20105
71.8	19455	21009	20096	20136
71.9	19485	21032	20128	20168
72	19525	21051	20165	20199
72.1	19558	21067	20201	20230
72.2	19586	21086	20237	20261
72.3	19619	21101	20271	20293
72.4	19640	21113	20308	20324
72.5	19663	21142	20339	20355
72.6	19690	21159	20375	20387
72.7	19717	21182	20411	20418
72.8	19736	21195	20445	20449
72.9	19763	21220	20481	20481
73	19785	21253	20515	20512
73.1	19800	21270	20553	20543
73.2	19828	21289	20590	20575
73.3	19841	21310	20625	20606
73.4	19864	21343	20660	20637
73.5	19883	21372	20698	20669
73.6	19901	21404	20732	20700
73.7	19912	21429	20770	20731
73.8	19929	21458	20800	20762
73.9	19947	21492	20834	20794
74	19965	21520	20870	20825
74.1	19981	21550	20906	20856
74.2	19993	21591	20940	20888
74.3	20012	21635	20971	20919
74.4	20025	21682	21006	20950
74.5	20039	21718	21039	20982
74.6	20056	21754	21072	21013
74.7	20077	21797	21105	21044
74.8	20089	21830	21137	21076
74.9	20100	21876	21167	21107
75	20119	21910	21201	21138
75.1	20153	21918	21213	21156
75.2	20200	21924	21226	21174
75.3	20230	21933	21241	21192
75.4	20261	21941	21257	21210
75.5	20311	21945	21272	21228
75.6	20341	21954	21286	21246
75.7	20386	21961	21300	21264
75.8	20432	21970	21316	21282
75.9	20461	21980	21329	21300
76	20494	21989	21343	21318
76.1	20539	21993	21362	21336
76.2	20559	21999	21380	21354
76.3	20585	22009	21394	21372
76.4	20623	22024	21409	21389
76.5	20650	22039	21427	21407
76.6	20675	22046	21442	21425
76.7	20708	22054	21459	21443
76.8	20733	22063	21472	21461
76.9	20759	22085	21490	21479
77	20780	22105	21510	21497
77.1	20806	22116	21530	21515
77.2	20823	22135	21545	21533
77.3	20841	22149	21564	21551
77.4	20866	22165	21582	21569
77.5	20891	22189	21601	21587
77.6	20910	22213	21620	21605
77.7	20931	22241	21639	21623
77.8	20947	22266	21656	21641
77.9	20965	22287	21675	21659
78	20982	22300	21695	21677
78.1	20993	22321	21713	21695
78.2	21004	22352	21729	21712
78.3	21013	22382	21748	21730
78.4	21021	22404	21761	21748
78.5	21041	22433	21779	21766
78.6	21058	22470	21796	21784
78.7	21069	22505	21810	21802
78.8	21078	22537	21826	21820
78.9	21094	22581	21838	21838
79	21103	22613	21853	21856
79.1	21111	22642	21867	21874
79.2	21124	22680	21883	21892
79.3	21142	22730	21900	21910
79.4	21149	22765	21914	21928
79.5	21161	22806	21926	21946
79.6	21170	22852	21941	21964
79.7	21175	22901	21954	21982
79.8	21181	22949	21967	22000
79.9	21191	22993	21979	22018
80	21196	23032	21994	22035
80.1	21217	23037	22009	22050
80.2	21241	23043	22023	22065
80.3	21270	23049	22042	22080
80.4	21298	23055	22060	22095
80.5	21327	23061	22074	22110
80.6	21347	23067	22092	22125
80.7	21366	23073	22106	22140
80.8	21385	23081	22125	22155
80.9	21401	23090	22140	22170
81	21422	23100	22156	22185
81.1	21442	23105	22169	22200
81.2	21460	23109	22185	22214
81.3	21471	23116	22201	22229
81.4	21483	23124	22219	22244
81.5	21501	23136	22235	22259
81.6	21515	23144	22249	22274
81.7	21531	23149	22267	22289
81.8	21540	23151	22285	22304
81.9	21554	23156	22299	22319
82	21569	23163	22317	22334
82.1	21582	23174	22331	22349
82.2	21589	23182	22346	22364
82.3	21604	23193	22361	22379
82.4	21613	23199	22378	22393
82.5	21622	23212	22395	22408
82.6	21631	23219	22412	22423
82.7	21648	23230	22430	22438
82.8	21658	23239	22446	22453
82.9	21665	23256	22461	22468
83	21671	23276	22480	22483
83.1	21678	23290	22497	22498
83.2	21684	23306	22511	22513
83.3	21701	23323	22526	22528
83.4	21716	23338	22543	22543
83.5	21724	23358	22558	22558
83.6	21734	23377	22577	22572
83.7	21742	23393	22590	22587
83.8	21748	23410	22608	22602
83.9	21754	23424	22625	22617
84	21764	23438	22640	22632
84.1	21771	23463	22656	22647
84.2	21780	23487	22669	22662
84.3	21788	23510	22679	22677
84.4	21791	23538	22691	22692
84.5	21797	23566	22706	22707
84.6	21801	23597	22721	22722
84.7	21806	23629	22734	22736
84.8	21809	23655	22747	22751
84.9	21816	23683	22760	22766
85	21824	23722	22777	22781
85.1	21858	23726	22790	22797
85.2	21890	23729	22805	22813
85.3	21925	23731	22819	22829
85.4	21958	23732	22834	22845
85.5	21990	23733	22852	22861
85.6	22020	23735	22867	22877
85.7	22055	23740	22881	22893
85.8	22086	23746	22899	22909
85.9	22116	23752	22914	22925
86	22146	23759	22930	22941
86.1	22182	23762	22946	22957
86.2	22203	23764	22964	22973
86.3	22235	23767	22980	22989
86.4	22262	23771	22996	23005
86.5	22293	23775	23010	23021
86.6	22322	23781	23024	23037
86.7	22349	23787	23041	23053
86.8	22381	23791	23055	23069
86.9	22411	23794	23070	23085
87	22440	23796	23085	23101
87.1	22459	23800	23104	23118
87.2	22487	23805	23121	23134
87.3	22518	23812	23135	23150
87.4	22543	23816	23150	23166
87.5	22569	23820	23167	23182
87.6	22600	23824	23187	23198
87.7	22623	23830	23203	23214
87.8	22649	23835	23218	23230
87.9	22674	23841	23238	23246
88	22698	23846	23254	23262
88.1	22717	23855	23271	23278
88.2	22748	23869	23289	23294
88.3	22772	23878	23308	23310
88.4	22791	23886	23328	23326
88.5	22808	23899	23343	23342
88.6	22825	23905	23359	23358
88.7	22841	23917	23379	23374
88.8	22860	23923	23396	23390
88.9	22879	23932	23414	23406
89	22896	23940	23433	23422
89.1	22912	23956	23452	23438
89.2	22929	23969	23469	23454
89.3	22943	23983	23484	23470
89.4	22950	24003	23501	23486
89.5	22964	24020	23518	23502
89.6	22977	24031	23534	23518
89.7	22987	24041	23553	23534
89.8	22998	24048	23568	23550
89.9	23013	24068	23585	23566
90	23024	24087	23601	23582
90.1	23057	24098	23619	23600
90.2	23086	24106	23633	23617
90.3	23119	24114	23649	23635
90.4	23153	24122	23665	23653
90.5	23183	24131	23683	23670
90.6	23219	24141	23700	23688
90.7	23250	24149	23716	23705
90.8	23285	24161	23732	23723
90.9	23310	24173	23749	23741
91	23331	24186	23768	23758
91.1	23356	24207	23788	23776
91.2	23376	24220	23806	23794
91.3	23401	24239	23821	23811
91.4	23409	24254	23841	23829
91.5	23421	24273	23858	23847
91.6	23436	24293	23876	23864
91.7	23449	24312	23892	23882
91.8	23466	24322	23909	23900
91.9	23483	24335	23927	23917
92	23494	24353	23943	23935
92.1	23511	24382	23958	23953
92.2	23524	24413	23973	23970
92.3	23537	24440	23987	23988
92.4	23552	24470	24002	24006
92.5	23560	24505	24018	24023
92.6	23571	24541	24034	24041
92.7	23583	24578	24049	24059
92.8	23586	24613	24064	24076
92.9	23596	24652	24079	24094
93	23607	24687	24095	24112
93.1	23615	24725	24108	24129
93.2	23622	24767	24123	24147
93.3	23625	24812	24139	24165
93.4	23632	24848	24152	24182
93.5	23636	24885	24166	24200
93.6	23643	24921	24182	24218
93.7	23650	24961	24198	24235
93.8	23654	24996	24212	24253
93.9	23661	25041	24227	24271
94	23669	25085	24242	24288
94.1	23675	25126	24260	24306
94.2	23680	25168	24274	24324
94.3	23683	25209	24289	24341
94.4	23690	25251	24303	24359
94.5	23698	25294	24317	24376
94.6	23705	25332	24333	24394
94.7	23709	25370	24347	24412
94.8	23715	25417	24363	24429
94.9	23721	25451	24378	24447
95	23727	25499	24393	24465
95.1	23752	25513	24408	24482
95.2	23770	25522	24427	24499
95.3	23782	25535	24448	24517
95.4	23796	25548	24468	24534
95.5	23811	25561	24486	24551
95.6	23831	25574	24506	24568
95.7	23851	25587	24525	24586
95.8	23864	25608	24543	24603
95.9	23871	25623	24560	24620
96	23880	25639	24577	24637
96.1	23891	25653	24597	24655
96.2	23901	25667	24615	24672
96.3	23913	25685	24634	24689
96.4	23923	25702	24651	24706
96.5	23934	25728	24671	24724
96.6	23944	25744	24688	24741
96.7	23958	25768	24711	24758
96.8	23963	25801	24730	24776
96.9	23967	25821	24750	24793
97	23975	25853	24772	24810
97.1	23987	25867	24792	24827
97.2	23995	25884	24811	24845
97.3	24004	25908	24830	24862
97.4	24011	25931	24850	24879
97.5	24016	25950	24867	24896
97.6	24024	25973	24887	24914
97.7	24032	25993	24901	24931
97.8	24043	26020	24919	24948
97.9	24051	26046	24939	24966
98	24055	26077	24954	24983
98.1	24059	26103	24970	25000
98.2	24062	26135	24987	25017
98.3	24066	26156	25005	25035
98.4	24073	26181	25020	25052
98.5	24083	26219	25039	25069
98.6	24090	26262	25056	25086
98.7	24092	26302	25071	25104
98.8	24093	26331	25086	25121
98.9	24098	26359	25105	25138
99	24103	26393	25120	25155
99.1	24105	26442	25134	25173
99.2	24111	26494	25151	25190
99.3	24117	26537	25165	25207
99.4	24121	26578	25185	25225
99.5	24127	26616	25201	25242
99.6	24133	26655	25218	25259
99.7	24142	26688	25235	25276
99.8	24150	26726	25248	25294
99.9	24155	26765	25264	25311
100	24161	26802	25275	25328
100.1	24186	26811	25296	25347
100.2	24213	26819	25315	25366
100.3	24239	26829	25333	25385
100.4	24261	26839	25356	25403
100.5	24290	26842	25375	25422
100.6	24319	26846	25394	25441
100.7	24342	26849	25408	25460
100.8	24368	26858	25427	25479
100.9	24393	26868	25444	25498
101	24418	26876	25462	25517
101.1	24440	26880	25482	25535
101.2	24464	26888	25501	25554
101.3	24485	26898	25525	25573
101.4	24506	26904	25545	25592
101.5	24530	26908	25569	25611
101.6	24545	26916	25592	25630
101.7	24557	26931	25614	25648
101.8	24568	26944	25638	25667
101.9	24580	26956	25662	25686
102	24595	26963	25684	25705
102.1	24606	26976	25704	25724
102.2	24617	26989	25728	25743
102.3	24629	27003	25749	25762
102.4	24642	27019	25770	25780
102.5	24653	27028	25798	25799
102.6	24664	27036	25817	25818
102.7	24673	27051	25835	25837
102.8	24677	27061	25858	25856
102.9	24682	27074	25881	25875
103	24694	27095	25902	25893
103.1	24702	27106	25925	25912
103.2	24714	27124	25949	25931
103.3	24731	27146	25971	25950
103.4	24739	27158	25997	25969
103.5	24746	27175	26020	25988
103.6	24751	27188	26042	26007
103.7	24754	27202	26061	26025
103.8	24756	27219	26081	26044
103.9	24761	27238	26100	26063
104	24767	27262	26118	26082
104.1	24771	27281	26140	26101
104.2	24776	27298	26160	26120
104.3	24779	27325	26180	26138
104.4	24787	27364	26206	26157
104.5	24794	27388	26224	26176
104.6	24801	27404	26244	26195
104.7	24808	27423	26259	26214
104.8	24817	27439	26275	26233
104.9	24827	27459	26294	26252
105	24838	27486	26316	26270
105.1	24868	27490	26333	26287
105.2	24901	27495	26348	26303
105.3	24929	27500	26365	26319
105.4	24954	27506	26380	26335
105.5	24977	27513	26394	26351
105.6	24996	27519	26415	26368
105.7	25034	27523	26435	26384
105.8	25058	27528	26450	26400
105.9	25074	27534	26463	26416
106	25094	27538	26477	26432
106.1	25116	27542	26494	26449
106.2	25136	27550	26510	26465
106.3	25156	27556	26527	26481
106.4	25187	27562	26543	26497
106.5	25209	27569	26560	26513
106.6	25237	27577	26580	26530
106.7	25267	27584	26597	26546
106.8	25283	27591	26616	26562
106.9	25311	27599	26633	26578
107	25325	27609	26653	26594
107.1	25342	27622	26669	26611
107.2	25359	27627	26685	26627
107.3	25378	27633	26705	26643
107.4	25410	27640	26726	26659
107.5	25437	27648	26741	26675
107.6	25453	27654	26763	26692
107.7	25466	27662	26783	26708
107.8	25482	27668	26805	26724
107.9	25495	27674	26820	26740
108	25518	27681	26841	26756
108.1	25532	27688	26855	26773
108.2	25544	27690	26874	26789
108.3	25549	27697	26894	26805
108.4	25563	27707	26912	26821
108.5	25579	27715	26927	26837
108.6	25584	27726	26942	26854
108.7	25588	27733	26959	26870
108.8	25591	27740	26979	26886
108.9	25599	27759	27000	26902
109	25611	27772	27017	26918
109.1	25621	27784	27031	26935
109.2	25631	27800	27047	26951
109.3	25640	27818	27058	26967
109.4	25644	27836	27073	26983
109.5	25654	27853	27089	26999
109.6	25669	27872	27102	27016
109.7	25681	27891	27123	27032
109.8	25698	27916	27138	27048
109.9	25722	27938	27153	27064
110	25741	27957	27166	27080
110.1	25785	27960	27181	27096
110.2	25824	27962	27195	27112
110.3	25868	27965	27210	27128
110.4	25909	27968	27226	27144
110.5	25941	27972	27240	27160
110.6	25976	27975	27253	27176
110.7	26013	27977	27268	27192
110.8	26056	27979	27282	27208
110.9	26092	27982	27293	27224
111	26123	27986	27308	27240
111.1	26150	27990	27322	27256
111.2	26178	27993	27337	27272
111.3	26209	27995	27351	27288
111.4	26246	27999	27364	27304
111.5	26283	28002	27379	27320
111.6	26309	28005	27396	27336
111.7	26356	28008	27410	27352
111.8	26386	28012	27425	27368
111.9	26419	28016	27442	27384
112	26441	28019	27459	27400
112.1	26469	28024	27475	27416
112.2	26499	28027	27492	27432
112.3	26537	28030	27508	27448
112.4	26577	28033	27524	27464
112.5	26599	28034	27540	27480
112.6	26620	28040	27555	27496
112.7	26639	28046	27566	27512
112.8	26663	28050	27583	27528
112.9	26688	28054	27600	27544
113	26708	28059	27615	27560
113.1	26731	28064	27631	27576
113.2	26752	28071	27645	27592
113.3	26765	28073	27663	27608
113.4	26783	28078	27680	27624
113.5	26798	28082	27697	27640
113.6	26814	28086	27712	27655
113.7	26831	28091	27727	27671
113.8	26841	28097	27746	27687
113.9	26847	28104	27762	27703
114	26850	28110	27778	27719
114.1	26865	28117	27794	27735
114.2	26873	28124	27811	27751
114.3	26890	28131	27826	27767
114.4	26904	28137	27841	27783
114.5	26917	28149	27856	27799
114.6	26933	28156	27874	27815
114.7	26947	28166	27891	27831
114.8	26954	28180	27909	27847
114.9	26966	28199	27924	27863
115	26978	28215	27940	27879
115.1	26984	28219	27945	27884
115.2	26997	28221	27951	27890
115.3	27012	28229	27956	27895
115.4	27025	28233	27961	27900
115.5	27037	28238	27966	27905
115.6	27052	28239	27971	27911
115.7	27063	28241	27976	27916
115.8	27073	28244	27982	27921
115.9	27084	28249	27987	27926
116	27092	28255	27992	27932
116.1	27101	28259	27997	27937
116.2	27112	28263	28001	27942
116.3	27124	28268	28007	27947
116.4	27133	28270	28011	27953
116.5	27142	28274	28014	27958
116.6	27148	28279	28019	27963
116.7	27155	28283	28024	27968
116.8	27162	28289	28028	27974
116.9	27174	28296	28032	27979
117	27183	28301	28037	27984
117.1	27191	28310	28041	27990
117.2	27200	28326	28046	27995
117.3	27212	28332	28051	28000
117.4	27225	28340	28057	28005
117.5	27237	28350	28062	28011
117.6	27245	28356	28066	28016
117.7	27254	28361	28070	28021
117.8	27263	28369	28074	28026
117.9	27271	28379	28078	28032
118	27279	28394	28084	28037
118.1	27286	28401	28088	28042
118.2	27294	28413	28093	28047
118.3	27302	28425	28097	28053
118.4	27310	28440	28102	28058
118.5	27318	28453	28105	28063
118.6	27330	28464	28110	28068
118.7	27343	28477	28114	28074
118.8	27350	28490	28116	28079
118.9	27354	28502	28120	28084
119	27358	28516	28123	28089
119.1	27364	28525	28128	28095
119.2	27379	28535	28132	28100
119.3	27395	28548	28136	28105
119.4	27411	28558	28141	28110
119.5	27426	28568	28144	28116
119.6	27441	28576	28149	28121
119.7	27450	28586	28152	28126
119.8	27455	28595	28156	28131
119.9	27456	28601	28159	28137
120	27457	28614	28163	28142
120.1	27466	28618	28167	28146
120.2	27471	28622	28171	28151
120.3	27475	28625	28176	28155
120.4	27479	28631	28180	28160
120.5	27483	28636	28184	28164
120.6	27496	28642	28190	28169
120.7	27506	28643	28195	28173
120.8	27507	28646	28200	28178
120.9	27512	28651	28203	28182
121	27518	28656	28206	28186
121.1	27526	28660	28210	28191
121.2	27530	28664	28214	28195
121.3	27537	28667	28217	28200
121.4	27546	28671	28222	28204
121.5	27556	28674	28225	28209
121.6	27566	28678	28229	28213
121.7	27573	28685	28233	28218
121.8	27580	28688	28238	28222
121.9	27583	28693	28241	28227
122	27586	28699	28247	28231
122.1	27593	28704	28252	28235
122.2	27598	28711	28256	28240
122.3	27601	28723	28261	28244
122.4	27603	28725	28264	28249
122.5	27605	28727	28267	28253
122.6	27607	28729	28273	28258
122.7	27614	28734	28276	28262
122.8	27619	28743	28280	28267
122.9	27626	28747	28284	28271
123	27635	28751	28289	28276
123.1	27643	28759	28293	28280
123.2	27646	28764	28297	28284
123.3	27653	28769	28303	28289
123.4	27660	28775	28308	28293
123.5	27665	28783	28310	28298
123.6	27668	28790	28314	28302
123.7	27675	28795	28318	28307
123.8	27680	28799	28322	28311
123.9	27685	28805	28326	28316
124	27691	28818	28331	28320
124.1	27694	28824	28335	28325
124.2	27697	28835	28339	28329
124.3	27702	28839	28342	28333
124.4	27709	28844	28346	28338
124.5	27714	28850	28350	28342
124.6	27719	28855	28355	28347
124.7	27724	28866	28360	28351
124.8	27730	28874	28363	28356
124.9	27735	28882	28368	28360
125	27739	28888	28372	28365
125.1	27747	28893	28377	28369
125.2	27755	28895	28382	28374
125.3	27762	28898	28386	28378
125.4	27768	28901	28389	28383
125.5	27773	28906	28392	28387
125.6	27778	28911	28395	28391
125.7	27787	28915	28399	28396
125.8	27799	28920	28403	28400
125.9	27812	28924	28409	28405
126	27822	28927	28413	28409
126.1	27828	28930	28417	28414
126.2	27837	28936	28420	28418
126.3	27846	28941	28423	28423
126.4	27852	28945	28427	28427
126.5	27856	28954	28432	28432
126.6	27861	28962	28436	28436
126.7	27867	28969	28441	28441
126.8	27877	28973	28445	28445
126.9	27887	28976	28449	28450
127	27896	28979	28452	28454
127.1	27900	28985	28455	28458
127.2	27903	28994	28459	28463
127.3	27912	29000	28464	28467
127.4	27917	29010	28468	28472
127.5	27922	29020	28472	28476
127.6	27927	29027	28477	28481
127.7	27934	29036	28483	28485
127.8	27937	29043	28488	28490
127.9	27940	29046	28492	28494
128	27943	29049	28497	28499
128.1	27948	29056	28502	28503
128.2	27953	29062	28506	28508
128.3	27957	29067	28508	28512
128.4	27963	29076	28513	28517
128.5	27969	29080	28517	28521
128.6	27973	29083	28521	28525
128.7	27977	29086	28526	28530
128.8	27982	29090	28530	28534
128.9	27988	29095	28534	28539
129	27995	29102	28539	28543
129.1	28001	29111	28542	28548
129.2	28005	29123	28547	28552
129.3	28011	29134	28552	28557
129.4	28013	29145	28556	28561
129.5	28016	29149	28561	28566
129.6	28020	29152	28565	28570
129.7	28023	29156	28568	28575
129.8	28024	29161	28572	28579
129.9	28027	29167	28576	28584
130	28029	29174	28579	28588
130.1	28038	29178	28583	28592
130.2	28047	29183	28587	28597
130.3	28055	29188	28590	28601
130.4	28065	29192	28595	28606
130.5	28077	29197	28599	28610
130.6	28083	29203	28601	28614
130.7	28091	29212	28606	28619
130.8	28097	29219	28610	28623
130.9	28103	29223	28615	28628
131	28110	29226	28620	28632
131.1	28117	29230	28623	28636
131.2	28127	29237	28627	28641
131.3	28128	29244	28632	28645
131.4	28133	29248	28635	28650
131.5	28137	29250	28640	28654
131.6	28142	29254	28644	28658
131.7	28149	29255	28648	28663
131.8	28155	29259	28653	28667
131.9	28162	29262	28658	28672
132	28170	29267	28663	28676
132.1	28173	29271	28667	28680
132.2	28179	29274	28670	28685
132.3	28183	29278	28674	28689
132.4	28187	29282	28680	28694
132.5	28195	29288	28685	28698
132.6	28201	29296	28688	28703
132.7	28209	29305	28692	28707
132.8	28215	29310	28696	28711
132.9	28226	29314	28700	28716
133	28231	29319	28705	28720
133.1	28236	29324	28710	28725
133.2	28241	29330	28715	28729
133.3	28244	29338	28718	28733
133.4	28247	29347	28722	28738
133.5	28251	29357	28728	28742
133.6	28256	29364	28732	28747
133.7	28260	29376	28737	28751
133.8	28263	29382	28741	28755
133.9	28266	29388	28746	28760
134	28270	29399	28750	28764
134.1	28273	29406	28754	28769
134.2	28275	29415	28760	28773
134.3	28277	29421	28765	28777
134.4	28279	29429	28769	28782
134.5	28280	29440	28773	28786
134.6	28282	29451	28779	28791
134.7	28284	29460	28783	28795
134.8	28289	29465	28786	28799
134.9	28293	29468	28789	28804
135	28295	29472	28793	28808
135.1	28303	29480	28797	28814
135.2	28313	29486	28800	28819
135.3	28326	29493	28805	28824
135.4	28335	29499	28809	28829
135.5	28346	29505	28813	28835
135.6	28358	29512	28818	28840
135.7	28368	29521	28823	28845
135.8	28382	29528	28827	28851
135.9	28394	29533	28833	28856
136	28405	29538	28837	28861
136.1	28417	29543	28841	28867
136.2	28427	29549	28845	28872
136.3	28434	29552	28849	28877
136.4	28447	29560	28853	28882
136.5	28460	29565	28858	28888
136.6	28472	29567	28864	28893
136.7	28477	29571	28868	28898
136.8	28486	29578	28873	28904
136.9	28492	29584	28878	28909
137	28501	29587	28883	28914
137.1	28512	29590	28888	28919
137.2	28518	29593	28893	28925
137.3	28527	29596	28896	28930
137.4	28535	29603	28901	28935
137.5	28541	29609	28905	28941
137.6	28545	29613	28912	28946
137.7	28552	29622	28916	28951
137.8	28556	29633	28921	28957
137.9	28558	29651	28927	28962
138	28562	29661	28930	28967
138.1	28567	29674	28937	28972
138.2	28569	29680	28941	28978
138.3	28572	29685	28947	28983
138.4	28578	29691	28952	28988
138.5	28584	29703	28959	28994
138.6	28594	29709	28964	28999
138.7	28599	29711	28969	29004
138.8	28602	29720	28975	29009
138.9	28604	29730	28980	29015
139	28608	29737	28985	29020
139.1	28614	29744	28991	29025
139.2	28621	29751	28996	29031
139.3	28626	29760	29000	29036
139.4	28628	29773	29003	29041
139.5	28631	29781	29008	29047
139.6	28637	29782	29014	29052
139.7	28640	29783	29019	29057
139.8	28644	29788	29024	29062
139.9	28652	29798	29029	29068
140	28658	29808	29032	29073
140.1	28676	29820	29050	29089
140.2	28704	29832	29066	29105
140.3	28718	29841	29082	29121
140.4	28738	29848	29100	29137
140.5	28754	29855	29113	29153
140.6	28774	29864	29130	29169
140.7	28786	29875	29148	29186
140.8	28803	29884	29164	29202
140.9	28814	29895	29181	29218
141	28828	29902	29200	29234
141.1	28841	29909	29215	29250
141.2	28858	29918	29233	29266
141.3	28874	29931	29253	29282
141.4	28884	29945	29269	29298
141.5	28894	29962	29286	29314
141.6	28905	29978	29304	29330
141.7	28915	29985	29324	29346
141.8	28926	29987	29342	29362
141.9	28938	29993	29362	29378
142	28947	29996	29380	29395
142.1	28956	30009	29398	29411
142.2	28963	30023	29416	29427
142.3	28970	30036	29434	29443
142.4	28981	30050	29451	29459
142.5	28988	30065	29467	29475
142.6	28998	30073	29484	29491
142.7	29001	30083	29502	29507
142.8	29013	30094	29520	29523
142.9	29023	30110	29538	29539
143	29032	30127	29555	29555
143.1	29039	30152	29573	29571
143.2	29045	30171	29590	29587
143.3	29051	30194	29607	29603
143.4	29061	30220	29625	29620
143.5	29064	30242	29643	29636
143.6	29069	30263	29660	29652
143.7	29073	30292	29676	29668
143.8	29078	30321	29693	29684
143.9	29081	30342	29709	29700
144	29085	30372	29726	29716
144.1	29089	30404	29741	29732
144.2	29093	30424	29757	29748
144.3	29099	30444	29773	29764
144.4	29102	30466	29791	29780
144.5	29104	30493	29810	29796
144.6	29109	30516	29827	29812
144.7	29113	30538	29844	29829
144.8	29117	30572	29861	29845
144.9	29123	30605	29877	29861
145	29129	30636	29893	29877
145.1	29154	30639	29902	29889
145.2	29182	30647	29912	29902
145.3	29208	30655	29921	29914
145.4	29224	30661	29934	29927
145.5	29247	30668	29948	29939
145.6	29270	30675	29959	29951
145.7	29296	30679	29969	29964
145.8	29310	30684	29982	29976
145.9	29332	30689	29991	29989
146	29354	30695	30004	30001
146.1	29376	30703	30016	30014
146.2	29399	30706	30028	30026
146.3	29414	30708	30041	30039
146.4	29429	30712	30053	30051
146.5	29451	30717	30063	30063
146.6	29470	30722	30073	30076
146.7	29490	30726	30085	30088
146.8	29511	30729	30098	30101
146.9	29525	30732	30109	30113
147	29542	30738	30121	30126
147.1	29562	30744	30135	30138
147.2	29582	30751	30145	30151
147.3	29600	30759	30159	30163
147.4	29614	30770	30173	30175
147.5	29624	30778	30186	30188
147.6	29639	30789	30197	30200
147.7	29651	30797	30211	30213
147.8	29663	30803	30223	30225
147.9	29676	30807	30238	30238
148	29687	30815	30253	30250
148.1	29699	30823	30266	30263
148.2	29713	30829	30279	30275
148.3	29725	30833	30293	30287
148.4	29736	30839	30308	30300
148.5	29752	30848	30321	30312
148.6	29765	30858	30334	30325
148.7	29779	30861	30346	30337
148.8	29787	30878	30359	30350
148.9	29796	30885	30370	30362
149	29806	30889	30382	30375
149.1	29818	30895	30395	30387
149.2	29828	30907	30409	30399
149.3	29838	30922	30423	30412
149.4	29848	30940	30437	30424
149.5	29857	30953	30448	30437
149.6	29865	30967	30462	30449
149.7	29874	30983	30473	30462
149.8	29885	31000	30484	30474
149.9	29897	31015	30496	30487
150	29901	31033	30508	30499
150.1	29912	31034	30514	30507
150.2	29923	31037	30523	30514
150.3	29936	31040	30530	30522
150.4	29946	31044	30537	30530
150.5	29961	31047	30545	30537
150.6	29972	31050	30551	30545
150.7	29983	31054	30561	30553
150.8	29994	31058	30570	30560
150.9	30012	31063	30579	30568
151	30025	31070	30588	30576
151.1	30040	31076	30595	30583
151.2	30050	31079	30603	30591
151.3	30062	31081	30608	30599
151.4	30075	31085	30614	30606
151.5	30085	31089	30622	30614
151.6	30096	31095	30631	30622
151.7	30108	31100	30638	30629
151.8	30121	31104	30646	30637
151.9	30130	31110	30654	30645
152	30138	31115	30663	30653
152.1	30152	31122	30674	30660
152.2	30164	31126	30680	30668
152.3	30172	31130	30689	30676
152.4	30177	31135	30697	30683
152.5	30182	31141	30704	30691
152.6	30188	31144	30711	30699
152.7	30199	31148	30715	30706
152.8	30205	31153	30723	30714
152.9	30209	31160	30730	30722
153	30221	31165	30739	30729
153.1	30224	31172	30748	30737
153.2	30229	31183	30756	30745
153.3	30236	31189	30765	30752
153.4	30244	31195	30772	30760
153.5	30253	31202	30779	30768
153.6	30260	31215	30789	30775
153.7	30269	31226	30799	30783
153.8	30273	31238	30807	30791
153.9	30277	31245	30814	30798
154	30281	31255	30821	30806
154.1	30287	31268	30826	30814
154.2	30294	31279	30834	30821
154.3	30300	31293	30842	30829
154.4	30302	31303	30851	30837
154.5	30305	31321	30857	30844
154.6	30309	31337	30864	30852
154.7	30313	31350	30873	30860
154.8	30317	31368	30880	30867
154.9	30320	31382	30888	30875
155	30322	31398	30893	30883
155.1	30338	31401	30900	30890
155.2	30346	31404	30909	30898
155.3	30357	31407	30917	30905
155.4	30373	31412	30923	30913
155.5	30388	31415	30931	30920
155.6	30396	31416	30939	30927
155.7	30407	31417	30946	30935
155.8	30424	31420	30954	30942
155.9	30432	31424	30962	30950
156	30441	31426	30968	30957
156.1	30453	31429	30975	30964
156.2	30465	31434	30983	30972
156.3	30475	31438	30990	30979
156.4	30482	31446	30998	30987
156.5	30486	31452	31005	30994
156.6	30494	31457	31011	31002
156.7	30501	31463	31020	31009
156.8	30505	31470	31028	31016
156.9	30508	31478	31036	31024
157	30515	31484	31044	31031
157.1	30523	31491	31052	31039
157.2	30528	31499	31059	31046
157.3	30538	31505	31066	31054
157.4	30539	31510	31073	31061
157.5	30540	31515	31081	31068
157.6	30547	31520	31089	31076
157.7	30558	31530	31099	31083
157.8	30570	31535	31107	31091
157.9	30579	31540	31115	31098
158	30584	31547	31124	31106
158.1	30595	31553	31133	31113
158.2	30600	31560	31140	31120
158.3	30604	31568	31149	31128
158.4	30608	31575	31157	31135
158.5	30612	31580	31163	31143
158.6	30614	31584	31170	31150
158.7	30617	31589	31179	31158
158.8	30620	31599	31186	31165
158.9	30622	31608	31193	31172
159	30626	31618	31203	31180
159.1	30629	31631	31210	31187
159.2	30631	31639	31219	31195
159.3	30635	31648	31227	31202
159.4	30640	31654	31234	31210
159.5	30645	31665	31241	31217
159.6	30648	31677	31249	31224
159.7	30649	31684	31257	31232
159.8	30652	31694	31265	31239
159.9	30657	31704	31271	31247
160	30660	31715	31276	31254
160.1	30683	31719	31284	31262
160.2	30701	31720	31291	31271
160.3	30718	31722	31299	31279
160.4	30738	31725	31307	31287
160.5	30756	31728	31315	31295
160.6	30774	31731	31322	31304
160.7	30792	31736	31331	31312
160.8	30809	31738	31337	31320
160.9	30827	31747	31344	31329
161	30847	31750	31352	31337
161.1	30867	31754	31359	31345
161.2	30890	31757	31365	31353
161.3	30905	31760	31373	31362
161.4	30924	31763	31381	31370
161.5	30946	31766	31388	31378
161.6	30967	31769	31394	31387
161.7	30985	31775	31403	31395
161.8	31000	31782	31410	31403
161.9	31022	31788	31416	31411
162	31039	31791	31423	31420
162.1	31057	31794	31429	31428
162.2	31075	31799	31437	31436
162.3	31097	31805	31445	31445
162.4	31117	31810	31453	31453
162.5	31132	31815	31461	31461
162.6	31146	31822	31469	31469
162.7	31160	31824	31476	31478
162.8	31173	31827	31482	31486
162.9	31184	31838	31489	31494
163	31195	31843	31496	31502
163.1	31209	31854	31503	31511
163.2	31223	31861	31512	31519
163.3	31233	31867	31521	31527
163.4	31243	31874	31528	31536
163.5	31254	31881	31536	31544
163.6	31266	31890	31544	31552
163.7	31271	31897	31553	31560
163.8	31278	31911	31561	31569
163.9	31285	31919	31568	31577
164	31298	31925	31575	31585
164.1	31305	31934	31584	31594
164.2	31316	31942	31592	31602
164.3	31323	31950	31600	31610
164.4	31329	31960	31610	31618
164.5	31334	31970	31618	31627
164.6	31340	31980	31625	31635
164.7	31348	31997	31634	31643
164.8	31352	32007	31642	31652
164.9	31358	32017	31649	31660
165	31365	32028	31657	31668
165.1	31380	32054	31677	31687
165.2	31394	32088	31697	31707
165.3	31411	32128	31717	31726
165.4	31424	32163	31734	31745
165.5	31437	32190	31753	31765
165.6	31447	32226	31769	31784
165.7	31459	32266	31785	31803
165.8	31468	32309	31802	31823
165.9	31478	32358	31818	31842
166	31485	32398	31834	31862
166.1	31498	32451	31849	31881
166.2	31506	32489	31866	31900
166.3	31512	32536	31881	31920
166.4	31520	32579	31897	31939
166.5	31528	32641	31913	31958
166.6	31535	32691	31928	31978
166.7	31541	32747	31942	31997
166.8	31549	32798	31956	32016
166.9	31554	32852	31972	32036
167	31560	32905	31987	32055
167.1	31567	32965	32001	32074
167.2	31569	33022	32015	32094
167.3	31572	33085	32031	32113
167.4	31580	33138	32046	32132
167.5	31588	33191	32063	32152
167.6	31593	33233	32077	32171
167.7	31598	33291	32091	32190
167.8	31604	33354	32104	32210
167.9	31610	33417	32118	32229
168	31611	33480	32132	32248
168.1	31614	33543	32148	32268
168.2	31617	33601	32167	32287
168.3	31620	33656	32181	32306
168.4	31622	33716	32196	32326
168.5	31625	33779	32211	32345
168.6	31627	33834	32228	32365
168.7	31630	33900	32246	32384
168.8	31632	33953	32262	32403
168.9	31635	34001	32276	32423
169	31637	34052	32293	32442
169.1	31641	34114	32307	32461
169.2	31644	34176	32325	32481
169.3	31647	34238	32339	32500
169.4	31649	34299	32355	32519
169.5	31653	34354	32372	32539
169.6	31657	34410	32386	32558
169.7	31662	34465	32405	32577
169.8	31667	34520	32421	32597
169.9	31669	34576	32436	32616
170	31672	34631	32452	32635
170.1	31692	34657	32473	32656
170.2	31705	34678	32490	32676
170.3	31714	34689	32514	32696
170.4	31724	34699	32535	32717
170.5	31733	34711	32564	32737
170.6	31744	34727	32587	32757
170.7	31754	34760	32617	32777
170.8	31765	34785	32635	32798
170.9	31780	34834	32653	32818
171	31795	34846	32673	32838
171.1	31806	34863	32691	32859
171.2	31816	34883	32707	32879
171.3	31831	34916	32729	32899
171.4	31839	34952	32748	32919
171.5	31842	34964	32768	32940
171.6	31847	35000	32789	32960
171.7	31854	35034	32811	32980
171.8	31869	35068	32828	33001
171.9	31880	35125	32853	33021
172	31887	35155	32873	33041
172.1	31892	35180	32899	33062
172.2	31898	35238	32921	33082
