depth	min	max	median	mean
0	888	4047	3160	2931
0.1	951	4048	3178	2953
0.2	1014	4050	3194	2975
0.3	1077	4052	3210	2998
0.4	1140	4054	3226	3020
0.5	1203	4056	3247	3042
0.6	1266	4058	3265	3064
0.7	1330	4061	3280	3087
0.8	1393	4063	3299	3109
0.9	1456	4065	3314	3131
1	1521	4066	3331	3153
1.1	1585	4069	3346	3175
1.2	1650	4073	3363	3198
1.3	1714	4075	3382	3220
1.4	1778	4078	3398	3242
1.5	1841	4084	3411	3264
1.6	1905	4090	3427	3286
1.7	1962	4095	3443	3309
1.8	2025	4100	3461	3331
1.9	2089	4103	3477	3353
2	2152	4106	3494	3375
2.1	2216	4109	3509	3398
2.2	2279	4112	3527	3420
2.3	2343	4116	3544	3442
2.4	2405	4119	3561	3464
2.5	2466	4122	3575	3486
2.6	2529	4124	3590	3509
2.7	2591	4131	3604	3531
2.8	2655	4137	3622	3553
2.9	2719	4141	3637	3575
3	2782	4146	3652	3598
3.1	2845	4149	3668	3620
3.2	2908	4152	3688	3642
3.3	2971	4154	3705	3664
3.4	3034	4159	3722	3686
3.5	3098	4169	3740	3709
3.6	3161	4170	3757	3731
3.7	3223	4173	3776	3753
3.8	3280	4182	3795	3775
3.9	3331	4192	3817	3798
4	3377	4200	3836	3820
4.1	3421	4206	3854	3842
4.2	3469	4214	3869	3864
4.3	3510	4220	3891	3886
4.4	3544	4230	3910	3909
4.5	3560	4238	3932	3931
4.6	3591	4253	3957	3953
4.7	3610	4269	3982	3975
4.8	3634	4287	4009	3997
4.9	3653	4314	4033	4020
5	3671	4328	4056	4042
5.1	3705	4336	4071	4057
5.2	3745	4342	4085	4072
5.3	3781	4350	4096	4087
5.4	3817	4358	4107	4102
5.5	3852	4363	4120	4117
5.6	3871	4369	4134	4132
5.7	3899	4377	4147	4147
5.8	3921	4384	4160	4162
5.9	3944	4394	4175	4177
6	3971	4405	4192	4192
6.1	3992	4421	4208	4207
6.2	4002	4439	4224	4222
6.3	4008	4459	4237	4237
6.4	4017	4479	4250	4252
6.5	4023	4507	4264	4267
6.6	4033	4535	4276	4282
6.7	4042	4566	4292	4297
6.8	4051	4594	4304	4312
6.9	4059	4627	4316	4327
7	4069	4663	4328	4341
7.1	4074	4704	4340	4356
7.2	4079	4748	4353	4371
7.3	4083	4789	4365	4386
7.4	4086	4829	4376	4401
7.5	4088	4871	4388	4416
7.6	4094	4913	4401	4431
7.7	4099	4953	4415	4446
7.8	4103	4993	4426	4461
7.9	4110	5030	4441	4476
8	4117	5066	4453	4491
8.1	4121	5102	4464	4506
8.2	4124	5139	4475	4521
8.3	4129	5183	4487	4536
8.4	4132	5227	4497	4551
8.5	4137	5271	4508	4566
8.6	4140	5317	4520	4581
8.7	4143	5361	4532	4596
8.8	4146	5407	4544	4611
8.9	4147	5452	4556	4626
9	4150	5497	4569	4641
9.1	4154	5538	4580	4656
9.2	4156	5574	4591	4671
9.3	4160	5617	4603	4686
9.4	4162	5662	4614	4701
9.5	4166	5706	4625	4716
9.6	4169	5750	4636	4731
9.7	4171	5795	4648	4746
9.8	4174	5842	4659	4761
9.9	4177	5887	4670	4776
10	4179	5931	4683	4791
10.1	4196	5942	4700	4805
10.2	4213	5951	4717	4818
10.3	4222	5960	4729	4832
10.4	4233	5966	4743	4846
10.5	4243	5975	4756	4859
10.6	4253	5991	4770	4873
10.7	4263	6003	4786	4887
10.8	4269	6017	4801	4901
10.9	4282	6022	4818	4914
11	4293	6031	4834	4928
11.1	4299	6044	4850	4942
11.2	4305	6065	4864	4956
11.3	4309	6086	4880	4969
11.4	4313	6105	4897	4983
11.5	4322	6126	4910	4997
11.6	4328	6147	4927	5010
11.7	4334	6156	4944	5024
11.8	4341	6170	4960	5038
11.9	4347	6187	4977	5052
12	4352	6210	4993	5065
12.1	4359	6227	5008	5079
12.2	4363	6244	5024	5093
12.3	4370	6261	5039	5107
12.4	4376	6285	5055	5120
12.5	4380	6305	5074	5134
12.6	4383	6324	5086	5148
12.7	4389	6342	5102	5161
12.8	4394	6357	5115	5175
12.9	4398	6371	5131	5189
13	4403	6393	5148	5203
13.1	4409	6406	5165	5216
13.2	4414	6422	5181	5230
13.3	4420	6447	5196	5244
13.4	4423	6469	5210	5258
13.5	4426	6488	5221	5271
13.6	4432	6500	5235	5285
13.7	4436	6515	5248	5299
13.8	4441	6539	5262	5312
13.9	4445	6558	5274	5326
14	4451	6571	5285	5340
14.1	4455	6596	5298	5354
14.2	4460	6628	5311	5367
14.3	4465	6649	5326	5381
14.4	4471	6675	5338	5395
14.5	4476	6693	5350	5409
14.6	4480	6720	5361	5422
14.7	4484	6738	5371	5436
14.8	4488	6752	5387	5450
14.9	4492	6768	5399	5463
15	4495	6791	5414	5477
15.1	4510	6802	5427	5493
15.2	4528	6821	5444	5509
15.3	4541	6843	5460	5524
15.4	4554	6855	5478	5540
15.5	4560	6862	5493	5556
15.6	4574	6872	5506	5571
15.7	4590	6889	5523	5587
15.8	4602	6907	5547	5603
15.9	4612	6931	5556	5618
16	4623	6942	5580	5634
16.1	4635	6961	5591	5650
16.2	4647	6976	5610	5665
16.3	4659	6988	5627	5681
16.4	4669	7005	5643	5697
16.5	4683	7021	5667	5712
16.6	4689	7041	5692	5728
16.7	4695	7051	5710	5744
16.8	4700	7062	5731	5759
16.9	4706	7076	5751	5775
17	4721	7094	5768	5791
17.1	4728	7115	5784	5806
17.2	4733	7142	5806	5822
17.3	4739	7156	5825	5838
17.4	4749	7171	5840	5853
17.5	4756	7195	5858	5869
17.6	4762	7220	5873	5885
17.7	4773	7239	5890	5901
17.8	4777	7256	5901	5916
17.9	4784	7276	5918	5932
18	4787	7302	5933	5948
18.1	4790	7332	5944	5963
18.2	4796	7357	5958	5979
18.3	4798	7378	5976	5995
18.4	4802	7397	5990	6010
21	5055	8018	6378	6418
21.1	5077	8028	6395	6434
21.2	5088	8040	6412	6450
21.3	5095	8049	6431	6465
21.4	5112	8053	6449	6481
21.5	5128	8058	6465	6497
21.6	5144	8065	6479	6513
21.7	5162	8075	6497	6528
21.8	5176	8088	6507	6544
21.9	5191	8098	6530	6560
22	5206	8111	6544	6576
22.1	5220	8121	6560	6591
22.2	5238	8127	6581	6607
22.3	5246	8138	6595	6623
22.4	5252	8150	6612	6638
22.5	5263	8164	6630	6654
22.6	5286	8175	6642	6670
22.7	5300	8184	6656	6686
22.8	5308	8189	6671	6701
22.9	5323	8197	6690	6717
23	5336	8209	6708	6733
23.1	5344	8220	6720	6748
23.2	5348	8234	6738	6764
23.3	5359	8245	6757	6780
23.4	5368	8258	6771	6796
23.5	5376	8277	6787	6811
23.6	5386	8291	6804	6827
23.7	5399	8312	6823	6843
23.8	5416	8332	6839	6858
23.9	5428	8347	6859	6874
24	5439	8361	6880	6890
24.1	5450	8375	6896	6906
24.2	5464	8385	6914	6921
24.3	5471	8404	6931	6937
24.4	5477	8422	6950	6953
24.5	5484	8441	6968	6968
24.6	5490	8458	6986	6984
24.7	5497	8477	7003	7000
24.8	5503	8487	7020	7016
24.9	5509	8497	7038	7031
25	5513	8519	7050	7047
25.1	5540	8523	7066	7064
25.2	5568	8527	7085	7080
25.3	5588	8534	7101	7097
25.4	5624	8540	7113	7113
25.5	5658	8545	7130	7130
25.6	5692	8553	7142	7146
25.7	5714	8559	7155	7163
25.8	5741	8566	7172	7179
25.9	5795	8573	7186	7196
26	5830	8582	7200	7212
26.1	5849	8587	7218	7229
26.2	5867	8596	7229	7246
26.3	5885	8600	7244	7262
26.4	5909	8605	7260	7279
26.5	5932	8611	7279	7295
26.6	5947	8617	7301	7312
26.7	5959	8622	7320	7328
26.8	5982	8632	7338	7345
26.9	6000	8636	7351	7361
27	6012	8643	7367	7378
27.1	6025	8650	7387	7394
27.2	6034	8663	7401	7411
27.3	6048	8681	7419	7427
27.4	6062	8698	7440	7444
27.5	6076	8702	7458	7461
27.6	6096	8705	7476	7477
27.7	6113	8712	7498	7494
27.8	6132	8723	7518	7510
27.9	6138	8741	7542	7527
28	6152	8751	7568	7543
28.1	6171	8768	7592	7560
28.2	6185	8781	7615	7576
28.3	6198	8803	7631	7593
28.4	6217	8821	7658	7609
28.5	6235	8834	7675	7626
28.6	6248	8843	7693	7643
28.7	6262	8857	7717	7659
28.8	6272	8868	7740	7676
28.9	6277	8880	7753	7692
29	6288	8899	7771	7709
29.1	6290	8919	7783	7725
29.2	6297	8939	7794	7742
29.3	6306	8952	7811	7758
29.4	6314	8970	7828	7775
29.5	6322	8997	7846	7791
29.6	6334	9025	7861	7808
29.7	6348	9043	7878	7825
29.8	6358	9080	7894	7841
29.9	6362	9102	7910	7858
30	6363	9128	7933	7874
30.1	6385	9133	7947	7889
30.2	6406	9141	7961	7903
30.3	6428	9145	7977	7917
30.4	6439	9152	7992	7932
30.5	6455	9156	8003	7946
30.6	6469	9161	8018	7961
30.7	6492	9172	8029	7975
30.8	6515	9178	8046	7990
30.9	6542	9185	8062	8004
31	6564	9191	8079	8018
31.1	6580	9196	8093	8033
31.2	6600	9202	8108	8047
31.3	6620	9210	8117	8062
31.4	6636	9215	8133	8076
31.5	6654	9223	8143	8090
31.6	6666	9229	8157	8105
31.7	6683	9237	8175	8119
31.8	6705	9246	8187	8134
31.9	6717	9251	8203	8148
32	6731	9255	8220	8163
32.1	6746	9259	8235	8177
32.2	6764	9267	8248	8191
32.3	6785	9275	8261	8206
32.4	6798	9283	8280	8220
32.5	6811	9289	8296	8235
32.6	6831	9294	8315	8249
32.7	6853	9299	8330	8263
32.8	6867	9304	8345	8278
32.9	6880	9309	8357	8292
33	6892	9315	8372	8307
33.1	6918	9323	8386	8321
33.2	6939	9336	8406	8336
33.3	6954	9346	8426	8350
33.4	6966	9353	8444	8364
33.5	6980	9362	8458	8379
33.6	6988	9371	8476	8393
33.7	7002	9388	8494	8408
33.8	7018	9398	8506	8422
33.9	7034	9403	8526	8436
34	7049	9411	8543	8451
34.1	7065	9432	8559	8465
34.2	7080	9442	8574	8480
34.3	7098	9457	8596	8494
34.4	7111	9467	8610	8509
34.5	7122	9478	8630	8523
34.6	7141	9486	8647	8537
34.7	7153	9505	8664	8552
34.8	7169	9516	8681	8566
34.9	7182	9526	8695	8581
35	7192	9538	8711	8595
35.1	7217	9539	8723	8609
35.2	7254	9541	8733	8623
35.3	7286	9545	8744	8637
35.4	7317	9547	8757	8651
35.5	7349	9548	8767	8665
35.6	7382	9550	8780	8679
35.7	7415	9553	8791	8693
35.8	7451	9556	8805	8707
35.9	7488	9561	8816	8721
36	7524	9564	8827	8735
36.1	7558	9566	8838	8749
36.2	7593	9573	8849	8763
36.3	7629	9577	8860	8777
36.4	7655	9583	8871	8791
36.5	7698	9586	8879	8805
36.6	7735	9590	8888	8819
36.7	7769	9591	8902	8833
36.8	7813	9595	8915	8847
36.9	7851	9597	8926	8861
37	7882	9599	8937	8875
37.1	7906	9602	8956	8889
37.2	7928	9605	8968	8903
37.3	7953	9610	8980	8917
37.4	7982	9612	8992	8931
37.5	8006	9615	9004	8945
37.6	8034	9620	9016	8959
37.7	8057	9624	9027	8973
37.8	8079	9629	9042	8987
37.9	8096	9635	9053	9001
38	8106	9639	9065	9014
38.1	8120	9643	9076	9028
38.2	8149	9645	9087	9042
38.3	8182	9651	9099	9056
38.4	8202	9659	9111	9070
38.5	8222	9667	9127	9084
38.6	8249	9675	9143	9098
38.7	8276	9683	9159	9112
38.8	8293	9689	9174	9126
38.9	8309	9694	9191	9140
39	8329	9697	9205	9154
39.1	8336	9718	9219	9168
39.2	8352	9730	9237	9182
39.3	8364	9740	9256	9196
39.4	8374	9746	9272	9210
39.5	8382	9753	9289	9224
39.6	8389	9763	9302	9238
39.7	8409	9774	9316	9252
39.8	8421	9789	9331	9266
39.9	8429	9797	9347	9280
40	8445	9818	9360	9294
40.1	8522	9830	9382	9321
40.2	8602	9843	9403	9347
40.3	8690	9851	9426	9374
40.4	8765	9860	9445	9400
40.5	8839	9869	9468	9426
40.6	8910	9876	9490	9453
40.7	8983	9889	9511	9479
40.8	9053	9899	9531	9506
40.9	9126	9911	9550	9532
41	9198	9921	9569	9559
41.1	9264	9936	9588	9585
41.2	9339	9955	9606	9612
41.3	9399	9973	9627	9638
41.4	9466	9985	9646	9665
41.5	9533	10003	9668	9691
41.6	9581	10017	9694	9718
41.7	9613	10049	9718	9744
41.8	9629	10092	9747	9771
41.9	9638	10128	9775	9797
42	9648	10157	9803	9824
42.1	9654	10208	9828	9850
42.2	9657	10260	9851	9876
42.3	9662	10315	9873	9903
42.4	9666	10375	9895	9929
42.5	9671	10452	9917	9956
42.6	9676	10524	9940	9982
42.7	9679	10595	9963	10009
42.8	9682	10672	9984	10035
42.9	9686	10739	10005	10062
43	9689	10808	10027	10088
43.1	9692	10887	10048	10115
43.2	9695	10948	10072	10141
43.3	9697	11023	10094	10168
43.4	9700	11098	10114	10194
43.5	9702	11179	10136	10221
43.6	9706	11262	10158	10247
43.7	9708	11339	10179	10274
43.8	9708	11407	10198	10300
43.9	9710	11485	10218	10326
44	9713	11566	10238	10353
44.1	9716	11646	10259	10379
44.2	9718	11727	10277	10406
44.3	9720	11808	10297	10432
44.4	9722	11891	10319	10459
44.5	9724	11974	10339	10485
44.6	9726	12055	10360	10512
44.7	9727	12129	10380	10538
44.8	9729	12204	10400	10565
44.9	9731	12284	10422	10591
45	9733	12360	10442	10618
45.1	9770	12388	10492	10658
45.2	9811	12408	10535	10699
45.3	9841	12425	10578	10739
45.4	9871	12434	10621	10780
45.5	9897	12461	10662	10820
45.6	9925	12482	10715	10861
45.7	9943	12523	10760	10901
45.8	9958	12571	10802	10942
45.9	9971	12617	10844	10982
46	9989	12633	10891	11023
46.1	10005	12688	10938	11063
46.2	10024	12732	10985	11104
46.3	10036	12767	11029	11144
46.4	10048	12807	11074	11185
46.5	10065	12856	11121	11225
46.6	10083	12907	11173	11266
46.7	10100	12954	11216	11306
46.8	10113	12997	11256	11347
46.9	10125	13071	11300	11387
47	10137	13129	11350	11428
47.1	10145	13195	11397	11468
47.2	10157	13296	11441	11509
47.3	10170	13361	11483	11549
47.4	10187	13408	11522	11590
47.5	10194	13496	11570	11630
47.6	10203	13568	11607	11671
47.7	10212	13617	11654	11711
47.8	10217	13693	11693	11752
47.9	10229	13783	11740	11792
48	10237	13883	11781	11833
48.1	10247	13980	11820	11873
48.2	10253	14077	11864	11914
48.3	10259	14179	11902	11954
48.4	10263	14282	11943	11995
48.5	10274	14370	11983	12035
48.6	10287	14475	12021	12076
48.7	10297	14582	12058	12116
48.8	10307	14682	12097	12157
48.9	10312	14776	12131	12197
49	10319	14877	12169	12238
49.1	10327	14982	12210	12278
49.2	10335	15083	12253	12319
49.3	10344	15178	12288	12359
49.4	10353	15282	12323	12400
49.5	10359	15384	12359	12440
49.6	10369	15486	12392	12481
49.7	10379	15577	12428	12521
49.8	10390	15660	12462	12562
49.9	10399	15753	12496	12602
50	10407	15848	12536	12643
50.1	10465	15859	12571	12680
50.2	10518	15871	12606	12717
50.3	10579	15890	12639	12754
50.4	10629	15915	12673	12791
50.5	10675	15940	12717	12828
50.6	10729	15964	12759	12865
50.7	10784	15979	12791	12902
50.8	10828	15990	12813	12939
50.9	10874	16015	12854	12976
51	10916	16031	12899	13013
51.1	10967	16045	12927	13050
51.2	11006	16074	12962	13087
51.3	11052	16091	12999	13124
51.4	11080	16110	13039	13161
51.5	11093	16129	13073	13198
51.6	11106	16144	13102	13235
51.7	11118	16170	13142	13272
51.8	11126	16192	13182	13309
51.9	11138	16222	13207	13346
52	11148	16261	13247	13383
52.1	11168	16288	13292	13420
52.2	11181	16297	13329	13457
52.3	11209	16316	13364	13494
52.4	11225	16343	13402	13531
52.5	11239	16377	13427	13569
52.6	11261	16413	13461	13606
52.7	11282	16429	13502	13643
52.8	11303	16443	13544	13680
52.9	11319	16458	13589	13717
53	11341	16475	13631	13754
53.1	11355	16504	13667	13791
53.2	11362	16526	13718	13828
53.3	11370	16549	13757	13865
53.4	11383	16576	13786	13902
53.5	11396	16607	13830	13939
53.6	11409	16636	13870	13976
53.7	11422	16660	13912	14013
53.8	11437	16696	13948	14050
53.9	11447	16732	13987	14087
54	11458	16773	14027	14124
54.1	11469	16811	14066	14161
54.2	11494	16838	14108	14198
54.3	11515	16879	14141	14235
54.4	11539	16932	14189	14272
54.5	11552	16993	14227	14309
54.6	11565	17050	14263	14346
54.7	11574	17106	14303	14383
54.8	11587	17176	14344	14420
54.9	11604	17235	14374	14457
55	11617	17291	14416	14495
55.1	11707	17298	14447	14533
55.2	11791	17305	14487	14572
55.3	11862	17317	14529	14611
55.4	11941	17328	14576	14650
55.5	11996	17338	14618	14689
55.6	12063	17352	14653	14727
55.7	12115	17364	14697	14766
55.8	12176	17378	14749	14805
55.9	12246	17386	14800	14844
56	12311	17391	14845	14883
56.1	12374	17398	14899	14922
56.2	12434	17406	14941	14960
56.3	12496	17419	14990	14999
56.4	12552	17433	15034	15038
56.5	12630	17448	15088	15077
56.6	12703	17458	15135	15116
56.7	12753	17471	15171	15155
56.8	12794	17487	15220	15193
56.9	12842	17503	15272	15232
57	12897	17529	15319	15271
57.1	12941	17541	15367	15310
57.2	12998	17552	15413	15349
57.3	13070	17577	15465	15388
57.4	13107	17599	15508	15426
57.5	13168	17624	15553	15465
57.6	13245	17648	15596	15504
57.7	13302	17662	15637	15543
57.8	13348	17672	15678	15582
57.9	13374	17690	15716	15621
58	13434	17709	15751	15659
58.1	13479	17728	15804	15698
58.2	13513	17749	15839	15737
58.3	13535	17767	15877	15776
58.4	13569	17792	15929	15815
58.5	13588	17823	15961	15854
58.6	13603	17842	16004	15892
58.7	13619	17867	16048	15931
58.8	13635	17891	16082	15970
58.9	13654	17917	16120	16009
59	13685	17950	16164	16048
59.1	13717	17975	16195	16087
59.2	13760	18005	16234	16125
59.3	13793	18040	16279	16164
59.4	13816	18087	16320	16203
59.5	13823	18121	16357	16242
59.6	13843	18172	16399	16281
59.7	13861	18217	16439	16320
59.8	13903	18272	16470	16358
59.9	13936	18334	16517	16397
60	13947	18395	16559	16436
60.1	14029	18401	16599	16477
60.2	14103	18410	16633	16517
60.3	14191	18414	16672	16558
60.4	14285	18419	16711	16598
60.5	14383	18424	16751	16639
60.6	14479	18428	16782	16679
60.7	14569	18431	16821	16720
60.8	14663	18433	16856	16760
60.9	14751	18438	16893	16801
61	14842	18441	16931	16842
61.1	14928	18444	16971	16882
61.2	15019	18447	17009	16923
61.3	15104	18450	17050	16963
61.4	15192	18454	17089	17004
61.5	15281	18458	17126	17044
61.6	15368	18463	17162	17085
61.7	15454	18468	17199	17125
61.8	15541	18472	17236	17166
61.9	15633	18475	17274	17206
62	15726	18481	17312	17247
62.1	15816	18488	17348	17288
62.2	15896	18492	17381	17328
62.3	15986	18499	17418	17369
62.4	16073	18503	17455	17409
62.5	16148	18509	17493	17450
62.6	16230	18516	17528	17490
62.7	16320	18524	17564	17531
62.8	16414	18531	17606	17571
62.9	16501	18536	17645	17612
63	16586	18545	17688	17652
63.1	16666	18551	17728	17693
63.2	16749	18559	17763	17734
63.3	16833	18569	17798	17774
63.4	16921	18576	17836	17815
63.5	17004	18585	17875	17855
63.6	17094	18594	17916	17896
63.7	17169	18602	17951	17936
63.8	17249	18612	17988	17977
63.9	17328	18621	18027	18017
64	17404	18631	18070	18058
64.1	17468	18642	18112	18098
64.2	17541	18651	18155	18139
64.3	17595	18661	18199	18180
64.4	17659	18677	18242	18220
64.5	17714	18692	18286	18261
64.6	17763	18708	18330	18301
64.7	17806	18727	18375	18342
64.8	17850	18750	18418	18382
64.9	17881	18777	18459	18423
65	17930	18821	18501	18463
65.1	17976	18827	18517	18486
65.2	18029	18834	18536	18508
65.3	18074	18841	18555	18531
65.4	18113	18850	18576	18553
65.5	18164	18867	18594	18575
65.6	18195	18881	18616	18598
65.7	18226	18894	18639	18620
65.8	18259	18904	18658	18642
65.9	18294	18915	18680	18665
66	18333	18938	18702	18687
66.1	18352	18960	18727	18710
66.2	18379	18983	18748	18732
66.3	18395	19016	18770	18754
66.4	18413	19057	18789	18777
66.5	18432	19090	18807	18799
66.6	18460	19133	18825	18822
66.7	18472	19184	18843	18844
66.8	18485	19237	18862	18866
66.9	18502	19288	18878	18889
67	18518	19343	18894	18911
67.1	18529	19398	18912	18934
67.2	18546	19456	18930	18956
67.3	18558	19512	18948	18978
67.4	18569	19571	18966	19001
67.5	18581	19624	18983	19023
67.6	18587	19680	19002	19046
67.7	18598	19738	19022	19068
67.8	18605	19803	19042	19090
67.9	18611	19866	19060	19113
68	18618	19926	19080	19135
68.1	18625	19986	19098	19157
68.2	18633	20048	19114	19180
68.3	18641	20105	19132	19202
68.4	18648	20161	19151	19225
68.5	18658	20220	19171	19247
68.6	18667	20281	19188	19269
68.7	18672	20344	19205	19292
68.8	18675	20407	19224	19314
68.9	18676	20471	19243	19337
69	18682	20535	19262	19359
69.1	18688	20598	19281	19381
69.2	18691	20663	19302	19404
69.3	18696	20732	19320	19426
69.4	18700	20790	19339	19449
69.5	18706	20852	19358	19471
69.6	18710	20915	19376	19493
69.7	18711	20978	19396	19516
69.8	18718	21042	19415	19538
69.9	18720	21104	19432	19561
70	18724	21166	19449	19583
70.1	18756	21171	19470	19604
70.2	18779	21175	19490	19624
70.3	18801	21186	19515	19645
70.4	18823	21205	19541	19666
70.5	18840	21222	19559	19687
70.6	18855	21236	19585	19707
70.7	18870	21242	19601	19728
70.8	18882	21254	19630	19749
70.9	18897	21271	19653	19770
71	18912	21285	19673	19790
71.1	18921	21299	19698	19811
71.2	18929	21321	19720	19832
71.3	18937	21337	19746	19853
71.4	18949	21350	19771	19873
71.5	18959	21365	19795	19894
71.6	18976	21379	19818	19915
71.7	18981	21391	19837	19936
71.8	18985	21403	19863	19956
71.9	18994	21414	19893	19977
72	19003	21428	19914	19998
72.1	19010	21452	19941	20019
72.2	19020	21465	19961	20039
72.3	19031	21480	19981	20060
72.4	19042	21498	20005	20081
72.5	19048	21520	20026	20102
72.6	19056	21543	20050	20122
72.7	19070	21560	20078	20143
72.8	19075	21590	20099	20164
72.9	19081	21618	20125	20185
73	19089	21641	20149	20205
73.1	19099	21666	20169	20226
73.2	19105	21690	20189	20247
73.3	19111	21723	20210	20268
73.4	19116	21750	20231	20288
73.5	19127	21778	20256	20309
73.6	19133	21807	20273	20330
73.7	19136	21831	20297	20351
73.8	19140	21846	20315	20371
73.9	19144	21868	20336	20392
74	19147	21891	20358	20413
74.1	19151	21922	20381	20434
74.2	19156	21956	20402	20454
74.3	19160	21976	20425	20475
74.4	19164	22019	20448	20496
74.5	19172	22053	20468	20516
74.6	19180	22084	20491	20537
74.7	19188	22125	20514	20558
74.8	19192	22157	20532	20579
74.9	19196	22188	20553	20599
75	19201	22230	20571	20620
75.1	19225	22236	20592	20640
75.2	19256	22241	20609	20660
75.3	19288	22244	20633	20680
75.4	19325	22251	20652	20699
75.5	19362	22266	20668	20719
75.6	19392	22272	20689	20739
75.7	19424	22280	20709	20759
75.8	19451	22290	20731	20779
75.9	19482	22301	20749	20799
76	19517	22314	20772	20818
76.1	19536	22329	20794	20838
76.2	19570	22336	20814	20858
76.3	19592	22353	20835	20878
76.4	19620	22371	20858	20898
76.5	19635	22380	20883	20917
76.6	19658	22388	20904	20937
76.7	19682	22400	20924	20957
76.8	19706	22418	20942	20977
76.9	19726	22429	20965	20997
77	19750	22438	20988	21017
77.1	19762	22455	21010	21036
77.2	19778	22470	21031	21056
77.3	19797	22486	21057	21076
77.4	19816	22498	21079	21096
77.5	19835	22511	21100	21116
77.6	19850	22520	21119	21135
77.7	19864	22528	21139	21155
77.8	19884	22546	21165	21175
77.9	19900	22558	21181	21195
78	19910	22576	21204	21215
78.1	19917	22586	21225	21234
78.2	19924	22599	21247	21254
78.3	19939	22612	21269	21274
78.4	19951	22632	21286	21294
78.5	19969	22654	21309	21314
78.6	19973	22675	21331	21334
78.7	19981	22703	21351	21353
78.8	19989	22726	21368	21373
78.9	19997	22748	21380	21393
79	20006	22763	21402	21413
79.1	20016	22791	21420	21433
79.2	20028	22817	21441	21452
79.3	20043	22853	21463	21472
79.4	20058	22883	21481	21492
79.5	20066	22918	21500	21512
79.6	20074	22957	21518	21532
79.7	20087	22986	21534	21551
79.8	20097	23012	21556	21571
79.9	20109	23046	21577	21591
80	20121	23078	21599	21611
80.1	20147	23080	21617	21631
80.2	20183	23082	21643	21650
80.3	20214	23086	21664	21670
80.4	20238	23093	21685	21689
80.5	20275	23102	21705	21709
80.6	20306	23113	21722	21728
80.7	20333	23125	21739	21748
80.8	20362	23137	21760	21767
80.9	20391	23145	21783	21787
81	20421	23154	21807	21807
81.1	20446	23159	21832	21826
81.2	20478	23165	21858	21846
81.3	20509	23169	21878	21865
81.4	20528	23175	21898	21885
81.5	20547	23182	21917	21904
81.6	20568	23188	21940	21924
81.7	20593	23197	21961	21944
81.8	20616	23202	21977	21963
81.9	20648	23207	22001	21983
82	20670	23216	22028	22002
82.1	20695	23226	22054	22022
82.2	20709	23234	22074	22041
82.3	20722	23240	22097	22061
82.4	20751	23245	22119	22080
82.5	20765	23253	22143	22100
82.6	20787	23260	22163	22120
82.7	20813	23264	22181	22139
82.8	20838	23276	22209	22159
82.9	20849	23285	22230	22178
83	20864	23292	22257	22198
83.1	20874	23300	22282	22217
83.2	20885	23315	22306	22237
83.3	20895	23324	22328	22257
83.4	20905	23337	22352	22276
83.5	20918	23351	22373	22296
83.6	20929	23361	22396	22315
83.7	20940	23381	22415	22335
83.8	20948	23401	22436	22354
83.9	20961	23414	22458	22374
84	20974	23426	22475	22394
84.1	20987	23435	22497	22413
84.2	20995	23454	22519	22433
84.3	21001	23468	22542	22452
84.4	21016	23487	22564	22472
84.5	21022	23511	22588	22491
84.6	21030	23527	22608	22511
84.7	21046	23544	22629	22530
84.8	21056	23569	22648	22550
84.9	21059	23591	22669	22570
85	21069	23624	22689	22589
85.1	21115	23629	22706	22608
85.2	21159	23631	22724	22627
85.3	21206	23636	22739	22646
85.4	21253	23641	22754	22665
85.5	21302	23645	22773	22684
85.6	21350	23647	22787	22703
85.7	21399	23654	22803	22722
85.8	21449	23656	22820	22741
85.9	21497	23660	22837	22760
86	21547	23667	22855	22779
86.1	21589	23673	22871	22798
86.2	21636	23679	22887	22817
86.3	21680	23686	22904	22836
86.4	21723	23692	22920	22855
86.5	21766	23697	22939	22873
86.6	21814	23703	22954	22892
86.7	21860	23705	22969	22911
86.8	21906	23710	22984	22930
86.9	21952	23716	23002	22949
87	21994	23717	23022	22968
87.1	22027	23719	23042	22987
87.2	22061	23721	23060	23006
87.3	22105	23729	23076	23025
87.4	22139	23738	23089	23044
87.5	22186	23741	23105	23063
87.6	22223	23749	23122	23082
87.7	22257	23757	23138	23101
87.8	22309	23762	23157	23120
87.9	22345	23771	23172	23139
88	22386	23781	23188	23158
88.1	22416	23791	23204	23177
88.2	22458	23804	23222	23196
88.3	22497	23815	23241	23215
88.4	22542	23819	23260	23234
88.5	22573	23828	23277	23253
88.6	22604	23831	23295	23272
88.7	22632	23840	23313	23291
88.8	22663	23855	23333	23309
88.9	22692	23861	23350	23328
89	22707	23868	23368	23347
89.1	22748	23879	23389	23366
89.2	22784	23892	23408	23385
89.3	22807	23903	23426	23404
89.4	22823	23916	23446	23423
89.5	22847	23931	23463	23442
89.6	22868	23942	23480	23461
89.7	22890	23964	23499	23480
89.8	22916	23983	23518	23499
89.9	22931	23998	23537	23518
90	22948	24017	23556	23537
90.1	22987	24030	23569	23552
90.2	23024	24036	23584	23567
90.3	23057	24040	23596	23583
90.4	23088	24051	23609	23598
90.5	23122	24062	23625	23613
90.6	23150	24076	23641	23629
90.7	23178	24080	23657	23644
90.8	23205	24087	23671	23659
90.9	23231	24093	23687	23675
91	23249	24099	23705	23690
91.1	23269	24110	23720	23705
91.2	23283	24128	23733	23720
91.3	23309	24137	23751	23736
91.4	23331	24147	23765	23751
91.5	23347	24168	23778	23766
91.6	23364	24189	23793	23782
91.7	23375	24215	23806	23797
91.8	23392	24241	23820	23812
91.9	23401	24261	23835	23827
92	23410	24283	23852	23843
92.1	23414	24306	23866	23858
92.2	23421	24338	23879	23873
92.3	23431	24363	23893	23889
92.4	23445	24392	23906	23904
92.5	23455	24421	23917	23919
92.6	23462	24457	23931	23934
92.7	23469	24490	23943	23950
92.8	23473	24518	23955	23965
92.9	23478	24545	23970	23980
93	23485	24587	23984	23996
93.1	23494	24626	23994	24011
93.2	23499	24662	24006	24026
93.3	23507	24701	24018	24042
93.4	23510	24744	24029	24057
93.5	23513	24783	24042	24072
93.6	23527	24821	24054	24087
93.7	23531	24861	24065	24103
93.8	23536	24895	24077	24118
93.9	23539	24936	24089	24133
94	23545	24981	24104	24149
94.1	23550	25020	24115	24164
94.2	23558	25058	24125	24179
94.3	23564	25094	24136	24194
94.4	23567	25129	24149	24210
94.5	23570	25165	24161	24225
94.6	23574	25214	24170	24240
94.7	23579	25258	24182	24256
94.8	23587	25298	24195	24271
94.9	23594	25333	24208	24286
95	23600	25380	24219	24301
95.1	23610	25388	24236	24314
95.2	23623	25395	24251	24326
95.3	23632	25411	24263	24338
95.4	23642	25427	24277	24350
95.5	23651	25438	24289	24362
95.6	23660	25448	24300	24375
95.7	23669	25464	24318	24387
95.8	23677	25471	24332	24399
95.9	23686	25482	24346	24411
96	23696	25493	24356	24423
96.1	23701	25505	24370	24436
96.2	23710	25519	24385	24448
96.3	23718	25528	24396	24460
96.4	23728	25540	24405	24472
96.5	23737	25550	24422	24484
96.6	23748	25564	24433	24497
96.7	23752	25581	24446	24509
96.8	23758	25597	24459	24521
96.9	23765	25617	24476	24533
97	23772	25639	24486	24545
97.1	23781	25658	24499	24558
97.2	23784	25666	24507	24570
97.3	23786	25684	24520	24582
97.4	23789	25717	24532	24594
97.5	23793	25742	24549	24606
97.6	23797	25751	24564	24618
97.7	23800	25777	24575	24631
97.8	23808	25814	24586	24643
97.9	23813	25832	24594	24655
98	23817	25843	24605	24667
98.1	23821	25853	24616	24679
98.2	23825	25877	24623	24692
98.3	23829	25910	24634	24704
98.4	23839	25942	24644	24716
98.5	23846	25968	24656	24728
98.6	23854	25995	24670	24740
98.7	23857	26014	24680	24753
98.8	23860	26029	24694	24765
98.9	23865	26046	24707	24777
99	23869	26062	24719	24789
99.1	23870	26091	24732	24801
99.2	23874	26107	24746	24814
99.3	23878	26128	24755	24826
99.4	23884	26146	24768	24838
99.5	23886	26161	24775	24850
99.6	23889	26193	24789	24862
99.7	23892	26225	24801	24875
99.8	23897	26254	24812	24887
99.9	23905	26273	24821	24899
100	23909	26291	24834	24911
100.1	23928	26307	24848	24925
100.2	23942	26315	24861	24938
100.3	23953	26327	24877	24952
100.4	23967	26339	24889	24965
100.5	23982	26351	24904	24979
100.6	23991	26363	24923	24992
100.7	24004	26376	24934	25006
100.8	24019	26382	24946	25019
100.9	24029	26388	24966	25033
101	24042	26406	24979	25046
101.1	24053	26410	24994	25060
101.2	24066	26423	25009	25073
101.3	24079	26441	25024	25087
101.4	24093	26457	25039	25101
101.5	24109	26470	25055	25114
101.6	24122	26490	25070	25128
101.7	24128	26509	25085	25141
101.8	24135	26522	25098	25155
101.9	24143	26538	25113	25168
102	24153	26553	25133	25182
102.1	24164	26564	25146	25195
102.2	24167	26577	25159	25209
102.3	24177	26597	25173	25222
102.4	24187	26608	25187	25236
102.5	24192	26625	25200	25249
102.6	24199	26652	25212	25263
102.7	24205	26673	25229	25276
102.8	24211	26688	25244	25290
102.9	24218	26718	25257	25303
103	24230	26740	25270	25317
103.1	24234	26756	25280	25331
103.2	24244	26788	25293	25344
103.3	24249	26818	25302	25358
103.4	24253	26841	25318	25371
103.5	24256	26860	25329	25385
103.6	24260	26866	25344	25398
103.7	24263	26881	25355	25412
103.8	24268	26894	25369	25425
103.9	24274	26918	25381	25439
104	24283	26949	25396	25452
104.1	24292	26979	25406	25466
104.2	24302	27009	25418	25479
104.3	24311	27034	25432	25493
104.4	24315	27057	25443	25506
104.5	24320	27088	25456	25520
104.6	24324	27113	25468	25533
104.7	24329	27132	25479	25547
104.8	24337	27157	25492	25560
104.9	24346	27193	25502	25574
105	24351	27221	25512	25588
105.1	24364	27231	25529	25601
105.2	24384	27239	25541	25615
105.3	24401	27247	25558	25629
105.4	24416	27256	25574	25642
105.5	24429	27265	25587	25656
105.6	24446	27273	25601	25670
105.7	24460	27281	25616	25683
105.8	24466	27294	25634	25697
105.9	24484	27300	25651	25711
106	24503	27304	25668	25724
106.1	24518	27312	25685	25738
106.2	24529	27322	25700	25752
106.3	24552	27331	25713	25765
106.4	24568	27342	25726	25779
106.5	24579	27363	25740	25793
106.6	24589	27371	25753	25806
106.7	24597	27381	25769	25820
106.8	24603	27396	25785	25834
106.9	24614	27411	25803	25847
107	24618	27425	25821	25861
107.1	24630	27437	25831	25875
107.2	24644	27446	25842	25888
107.3	24656	27459	25858	25902
107.4	24667	27479	25876	25916
107.5	24678	27496	25886	25929
107.6	24689	27510	25897	25943
107.7	24704	27525	25911	25957
107.8	24709	27539	25923	25970
107.9	24717	27555	25934	25984
108	24722	27565	25944	25998
108.1	24730	27579	25960	26011
108.2	24735	27591	25974	26025
108.3	24745	27606	25987	26039
108.4	24752	27617	26002	26052
108.5	24757	27635	26017	26066
108.6	24763	27652	26032	26080
108.7	24765	27671	26046	26093
108.8	24768	27700	26062	26107
108.9	24773	27713	26078	26121
109	24784	27730	26093	26134
109.1	24796	27750	26106	26148
109.2	24806	27770	26122	26162
109.3	24813	27778	26134	26175
109.4	24820	27790	26148	26189
109.5	24829	27799	26162	26203
109.6	24837	27824	26174	26216
109.7	24845	27850	26190	26230
109.8	24853	27873	26204	26244
109.9	24858	27893	26217	26257
110	24863	27914	26228	26271
110.1	24871	27924	26244	26284
110.2	24889	27931	26260	26298
110.3	24899	27942	26276	26312
110.4	24915	27952	26289	26325
110.5	24930	27961	26304	26339
110.6	24938	27969	26319	26352
110.7	24949	27981	26337	26366
110.8	24957	27992	26353	26380
110.9	24978	28003	26367	26393
111	25000	28008	26382	26407
111.1	25009	28019	26399	26420
111.2	25021	28028	26415	26434
111.3	25031	28033	26430	26447
111.4	25036	28038	26445	26461
111.5	25047	28047	26458	26475
111.6	25060	28066	26472	26488
111.7	25068	28077	26489	26502
111.8	25073	28088	26501	26515
111.9	25081	28097	26517	26529
112	25094	28108	26531	26542
112.1	25113	28122	26544	26556
112.2	25122	28135	26561	26570
112.3	25130	28141	26575	26583
112.4	25133	28147	26589	26597
112.5	25139	28154	26607	26610
112.6	25147	28160	26620	26624
112.7	25155	28166	26637	26638
112.8	25159	28182	26649	26651
112.9	25166	28197	26663	26665
113	25177	28209	26673	26678
113.1	25185	28220	26687	26692
113.2	25195	28232	26699	26705
113.3	25203	28259	26715	26719
113.4	25208	28272	26729	26733
113.5	25213	28299	26739	26746
113.6	25215	28316	26753	26760
113.7	25217	28336	26765	26773
113.8	25219	28358	26782	26787
113.9	25224	28377	26798	26801
114	25231	28391	26808	26814
114.1	25241	28406	26827	26828
114.2	25246	28433	26836	26841
114.3	25251	28446	26850	26855
114.4	25256	28468	26870	26868
114.5	25260	28480	26886	26882
114.6	25267	28496	26899	26896
114.7	25275	28519	26911	26909
114.8	25281	28534	26921	26923
114.9	25284	28551	26935	26936
115	25286	28566	26946	26950
115.1	25299	28575	26962	26963
115.2	25314	28584	26971	26976
115.3	25332	28592	26985	26989
115.4	25340	28600	26999	27002
115.5	25354	28613	27011	27015
115.6	25374	28622	27024	27028
115.7	25390	28631	27040	27041
115.8	25411	28639	27054	27054
115.9	25434	28645	27069	27067
116	25456	28654	27085	27081
116.1	25475	28668	27101	27094
116.2	25490	28678	27117	27107
116.3	25497	28689	27130	27120
116.4	25511	28699	27144	27133
116.5	25527	28712	27158	27146
116.6	25537	28723	27172	27159
116.7	25553	28733	27184	27172
116.8	25573	28742	27200	27185
116.9	25590	28748	27211	27198
117	25608	28753	27225	27211
117.1	25631	28763	27239	27224
117.2	25641	28776	27252	27237
117.3	25656	28787	27262	27250
117.4	25662	28793	27274	27263
117.5	25684	28800	27285	27276
117.6	25697	28809	27303	27289
117.7	25713	28816	27316	27303
117.8	25726	28825	27327	27316
117.9	25755	28834	27341	27329
118	25771	28847	27356	27342
118.1	25783	28854	27369	27355
118.2	25787	28863	27383	27368
118.3	25791	28875	27396	27381
118.4	25798	28885	27414	27394
118.5	25813	28897	27422	27407
118.6	25827	28910	27433	27420
118.7	25839	28919	27445	27433
118.8	25854	28927	27458	27446
118.9	25866	28937	27475	27459
119	25875	28956	27490	27472
119.1	25890	28968	27506	27485
119.2	25899	28982	27521	27498
119.3	25909	28997	27535	27511
119.4	25920	29009	27550	27525
119.5	25928	29019	27562	27538
119.6	25936	29028	27578	27551
119.7	25943	29051	27588	27564
119.8	25950	29068	27602	27577
119.9	25957	29083	27615	27590
120	25962	29095	27624	27603
120.1	25994	29101	27639	27616
120.2	26019	29107	27650	27630
120.3	26034	29111	27666	27644
120.4	26060	29115	27679	27657
120.5	26089	29121	27692	27671
120.6	26109	29126	27706	27684
120.7	26127	29130	27717	27698
120.8	26145	29134	27730	27711
120.9	26198	29139	27741	27725
121	26213	29145	27755	27739
121.1	26223	29149	27767	27752
121.2	26243	29154	27787	27766
121.3	26269	29163	27804	27779
121.4	26281	29166	27815	27793
121.5	26305	29171	27828	27806
121.6	26323	29179	27842	27820
121.7	26346	29185	27856	27833
121.8	26352	29195	27868	27847
121.9	26373	29207	27882	27861
122	26399	29217	27899	27874
122.1	26413	29223	27915	27888
122.2	26433	29232	27934	27901
122.3	26448	29238	27949	27915
122.4	26463	29246	27963	27928
122.5	26473	29255	27979	27942
122.6	26480	29258	27994	27955
122.7	26487	29265	28008	27969
122.8	26500	29269	28022	27983
122.9	26508	29279	28038	27996
123	26518	29289	28057	28010
123.1	26525	29295	28066	28023
123.2	26544	29308	28082	28037
123.3	26555	29319	28097	28050
123.4	26563	29327	28112	28064
123.5	26575	29337	28131	28078
123.6	26585	29350	28145	28091
123.7	26593	29372	28158	28105
123.8	26603	29386	28173	28118
123.9	26616	29400	28190	28132
124	26620	29411	28201	28145
124.1	26625	29418	28218	28159
124.2	26632	29424	28235	28172
124.3	26642	29427	28248	28186
124.4	26654	29438	28258	28200
124.5	26661	29450	28270	28213
124.6	26666	29460	28283	28227
124.7	26672	29483	28297	28240
124.8	26682	29492	28314	28254
124.9	26693	29506	28330	28267
125	26707	29513	28344	28281
125.1	26735	29518	28358	28294
125.2	26766	29523	28371	28307
125.3	26784	29526	28380	28320
125.4	26808	29530	28395	28333
125.5	26835	29535	28410	28347
125.6	26871	29538	28423	28360
125.7	26893	29542	28436	28373
125.8	26914	29549	28447	28386
125.9	26932	29556	28456	28399
126	26954	29560	28469	28412
126.1	26981	29563	28485	28425
126.2	27001	29567	28494	28439
126.3	27032	29575	28508	28452
126.4	27046	29578	28520	28465
126.5	27068	29580	28532	28478
126.6	27084	29585	28546	28491
126.7	27113	29587	28553	28504
126.8	27132	29593	28568	28517
126.9	27148	29602	28578	28530
127	27165	29610	28593	28544
127.1	27174	29615	28613	28557
127.2	27193	29618	28626	28570
127.3	27222	29620	28637	28583
127.4	27252	29627	28652	28596
127.5	27263	29630	28668	28609
127.6	27277	29637	28679	28622
127.7	27288	29641	28696	28636
127.8	27311	29643	28708	28649
127.9	27321	29659	28718	28662
128	27339	29667	28731	28675
128.1	27353	29675	28745	28688
128.2	27376	29686	28757	28701
128.3	27388	29693	28775	28714
128.4	27402	29708	28791	28727
128.5	27415	29718	28804	28741
128.6	27426	29720	28819	28754
128.7	27435	29726	28832	28767
128.8	27440	29729	28846	28780
128.9	27458	29729	28859	28793
129	27469	29738	28872	28806
129.1	27481	29763	28884	28819
129.2	27494	29773	28900	28833
129.3	27504	29782	28914	28846
129.4	27518	29788	28927	28859
129.5	27539	29803	28942	28872
129.6	27549	29814	28954	28885
129.7	27564	29828	28966	28898
129.8	27576	29845	28979	28911
129.9	27587	29862	28993	28924
130	27601	29883	29006	28938
130.1	27632	29886	29015	28951
130.2	27657	29892	29029	28964
130.3	27687	29893	29038	28977
130.4	27717	29894	29049	28990
130.5	27748	29899	29058	29003
130.6	27787	29900	29067	29017
130.7	27826	29907	29076	29030
130.8	27855	29913	29089	29043
130.9	27886	29915	29102	29056
131	27920	29918	29113	29069
131.1	27955	29924	29124	29082
131.2	27988	29929	29138	29096
131.3	28018	29934	29149	29109
131.4	28054	29937	29160	29122
131.5	28087	29942	29173	29135
131.6	28122	29946	29187	29148
131.7	28149	29950	29197	29161
131.8	28177	29955	29207	29175
131.9	28209	29958	29220	29188
132	28241	29961	29232	29201
132.1	28276	29967	29242	29214
132.2	28308	29975	29252	29227
132.3	28344	29981	29264	29241
132.4	28369	29988	29275	29254
132.5	28397	29993	29285	29267
132.6	28431	30005	29299	29280
132.7	28457	30012	29315	29293
132.8	28484	30018	29325	29306
132.9	28518	30026	29338	29320
133	28534	30036	29351	29333
133.1	28546	30049	29363	29346
133.2	28568	30057	29374	29359
133.3	28595	30066	29386	29372
133.4	28608	30069	29400	29385
133.5	28627	30076	29415	29399
133.6	28648	30080	29427	29412
133.7	28667	30094	29442	29425
133.8	28693	30103	29456	29438
133.9	28709	30109	29470	29451
134	28743	30122	29483	29464
134.1	28757	30132	29496	29478
134.2	28770	30141	29511	29491
134.3	28783	30151	29522	29504
134.4	28792	30162	29535	29517
134.5	28801	30175	29551	29530
134.6	28812	30192	29567	29543
134.7	28827	30208	29582	29557
134.8	28838	30214	29596	29570
134.9	28848	30221	29610	29583
135	28859	30236	29623	29596
135.1	28885	30240	29632	29607
135.2	28907	30247	29641	29617
135.3	28928	30253	29650	29627
135.4	28947	30262	29659	29638
135.5	28971	30265	29668	29648
135.6	28993	30271	29677	29659
135.7	29013	30272	29687	29669
135.8	29031	30276	29695	29680
135.9	29052	30287	29704	29690
136	29076	30293	29713	29700
136.1	29099	30304	29720	29711
136.2	29114	30307	29731	29721
136.3	29127	30313	29742	29732
136.4	29146	30324	29752	29742
136.5	29168	30330	29762	29752
136.6	29187	30343	29774	29763
136.7	29203	30354	29785	29773
136.8	29222	30365	29796	29784
136.9	29235	30371	29807	29794
137	29249	30378	29816	29805
137.1	29261	30391	29826	29815
137.2	29276	30397	29834	29825
137.3	29290	30406	29844	29836
137.4	29304	30413	29854	29846
137.5	29311	30419	29866	29857
137.6	29316	30423	29876	29867
137.7	29329	30428	29888	29877
137.8	29338	30432	29899	29888
137.9	29346	30437	29909	29898
138	29351	30441	29919	29909
138.1	29354	30448	29930	29919
138.2	29357	30465	29939	29930
138.3	29361	30473	29949	29940
138.4	29371	30489	29957	29950
138.5	29379	30501	29967	29961
138.6	29387	30511	29978	29971
138.7	29391	30525	29988	29982
138.8	29396	30540	29997	29992
138.9	29403	30557	30007	30002
139	29412	30577	30017	30013
139.1	29420	30594	30024	30023
139.2	29432	30608	30034	30034
139.3	29436	30622	30046	30044
139.4	29439	30640	30057	30055
139.5	29447	30654	30065	30065
139.6	29451	30674	30075	30075
139.7	29455	30692	30084	30086
139.8	29458	30711	30094	30096
139.9	29462	30725	30101	30107
140	29466	30737	30112	30117
140.1	29482	30741	30120	30125
140.2	29503	30745	30129	30133
140.3	29520	30749	30136	30141
140.4	29532	30755	30145	30149
140.5	29540	30757	30152	30157
140.6	29553	30760	30159	30165
140.7	29568	30763	30166	30173
140.8	29579	30771	30170	30181
140.9	29593	30781	30180	30189
141	29606	30783	30186	30197
141.1	29621	30787	30195	30205
141.2	29626	30793	30203	30213
141.3	29638	30799	30211	30221
141.4	29658	30805	30220	30229
141.5	29673	30810	30229	30237
141.6	29686	30816	30236	30245
141.7	29696	30822	30244	30253
141.8	29707	30830	30252	30261
141.9	29715	30835	30260	30269
142	29724	30840	30269	30276
142.1	29730	30844	30277	30284
142.2	29735	30851	30285	30292
142.3	29748	30857	30293	30300
142.4	29760	30863	30302	30308
142.5	29768	30874	30310	30316
142.6	29776	30884	30317	30324
142.7	29781	30891	30327	30332
142.8	29789	30900	30336	30340
142.9	29798	30906	30343	30348
143	29804	30913	30352	30356
143.1	29814	30922	30359	30364
143.2	29823	30926	30370	30372
143.3	29831	30930	30378	30380
143.4	29836	30938	30387	30388
143.5	29841	30949	30395	30396
143.6	29845	30955	30403	30404
143.7	29848	30962	30410	30412
143.8	29853	30969	30419	30420
143.9	29863	30983	30427	30428
144	29868	30994	30436	30436
144.1	29871	31002	30444	30444
144.2	29875	31012	30454	30452
144.3	29880	31022	30462	30460
144.4	29884	31036	30469	30468
144.5	29890	31050	30475	30476
144.6	29893	31064	30482	30484
144.7	29894	31076	30488	30492
144.8	29897	31087	30495	30500
144.9	29903	31100	30504	30508
145	29908	31111	30510	30516
145.1	29917	31115	30520	30522
145.2	29924	31118	30527	30528
145.3	29933	31120	30534	30534
145.4	29942	31124	30542	30541
145.5	29950	31127	30546	30547
145.6	29959	31133	30553	30553
145.7	29967	31137	30558	30559
145.8	29971	31141	30568	30566
145.9	29981	31143	30575	30572
146	29992	31145	30581	30578
146.1	30000	31148	30586	30584
146.2	30011	31152	30591	30591
146.3	30015	31157	30600	30597
146.4	30018	31162	30606	30603
146.5	30023	31165	30612	30609
146.6	30024	31168	30617	30616
146.7	30033	31170	30622	30622
146.8	30038	31179	30629	30628
146.9	30042	31181	30636	30634
147	30045	31188	30644	30641
147.1	30053	31194	30650	30647
147.2	30065	31198	30656	30653
147.3	30080	31200	30662	30659
147.4	30084	31205	30668	30666
147.5	30086	31211	30675	30672
147.6	30091	31213	30684	30678
147.7	30096	31219	30691	30684
147.8	30102	31230	30696	30690
147.9	30107	31236	30703	30697
148	30111	31239	30713	30703
148.1	30114	31246	30721	30709
148.2	30117	31251	30726	30715
148.3	30123	31260	30733	30722
148.4	30126	31268	30741	30728
148.5	30128	31275	30748	30734
148.6	30130	31285	30754	30740
148.7	30135	31294	30759	30747
148.8	30139	31302	30768	30753
148.9	30142	31309	30774	30759
149	30148	31315	30781	30765
149.1	30154	31324	30787	30772
149.2	30159	31332	30793	30778
149.3	30163	31340	30801	30784
149.4	30169	31352	30809	30790
149.5	30173	31367	30814	30797
149.6	30174	31374	30819	30803
149.7	30175	31381	30824	30809
149.8	30179	31390	30829	30815
149.9	30184	31400	30835	30822
150	30187	31418	30840	30828
150.1	30197	31420	30845	30834
150.2	30212	31422	30850	30840
150.3	30227	31429	30856	30845
150.4	30238	31434	30860	30851
150.5	30245	31437	30865	30857
150.6	30258	31440	30871	30863
150.7	30268	31445	30875	30869
150.8	30277	31449	30881	30875
150.9	30287	31454	30885	30881
151	30291	31460	30892	30886
151.1	30294	31464	30898	30892
151.2	30300	31468	30904	30898
151.3	30305	31472	30910	30904
151.4	30315	31477	30917	30910
151.5	30324	31481	30923	30916
151.6	30329	31486	30929	30922
151.7	30335	31491	30934	30927
151.8	30342	31495	30940	30933
151.9	30355	31498	30947	30939
152	30360	31500	30952	30945
152.1	30367	31502	30958	30951
152.2	30377	31508	30964	30957
152.3	30385	31510	30970	30963
152.4	30390	31512	30976	30968
152.5	30397	31514	30981	30974
152.6	30407	31516	30986	30980
152.7	30413	31523	30993	30986
152.8	30417	31526	31000	30992
152.9	30422	31529	31006	30998
153	30428	31534	31011	31004
153.1	30434	31538	31019	31009
153.2	30436	31544	31026	31015
153.3	30438	31548	31033	31021
153.4	30443	31558	31038	31027
153.5	30446	31569	31044	31033
153.6	30451	31579	31049	31039
153.7	30454	31584	31056	31045
153.8	30459	31587	31064	31050
153.9	30465	31594	31071	31056
154	30468	31601	31076	31062
154.1	30472	31607	31082	31068
154.2	30475	31610	31088	31074
154.3	30481	31612	31095	31080
154.4	30484	31615	31102	31085
154.5	30485	31619	31108	31091
154.6	30486	31629	31113	31097
154.7	30490	31636	31119	31103
154.8	30495	31645	31125	31109
154.9	30501	31656	31131	31115
155	30506	31667	31137	31121
155.1	30520	31668	31142	31127
155.2	30534	31672	31148	31132
155.3	30548	31677	31154	31138
155.4	30560	31678	31158	31144
155.5	30572	31680	31164	31150
155.6	30582	31682	31167	31156
155.7	30599	31685	31171	31162
155.8	30613	31688	31178	31168
155.9	30624	31692	31183	31174
156	30639	31696	31187	31180
156.1	30649	31704	31193	31186
156.2	30662	31711	31198	31192
156.3	30677	31718	31203	31198
156.4	30687	31726	31209	31204
156.5	30703	31733	31214	31210
156.6	30715	31740	31220	31215
156.7	30727	31744	31225	31221
156.8	30737	31749	31229	31227
156.9	30747	31756	31234	31233
157	30757	31762	31241	31239
157.1	30765	31765	31246	31245
157.2	30773	31767	31252	31251
157.3	30781	31769	31256	31257
157.4	30793	31770	31262	31263
157.5	30804	31774	31267	31269
157.6	30816	31782	31272	31275
157.7	30828	31793	31276	31281
157.8	30838	31799	31281	31287
157.9	30845	31803	31286	31293
158	30853	31806	31292	31298
158.1	30860	31810	31299	31304
158.2	30867	31816	31305	31310
158.3	30874	31824	31311	31316
158.4	30884	31833	31316	31322
158.5	30890	31842	31322	31328
158.6	30895	31850	31326	31334
158.7	30899	31854	31332	31340
158.8	30903	31855	31337	31346
158.9	30910	31856	31343	31352
159	30915	31860	31348	31358
159.1	30919	31864	31353	31364
159.2	30921	31872	31360	31370
159.3	30926	31876	31366	31376
159.4	30931	31880	31373	31381
159.5	30936	31890	31379	31387
159.6	30941	31902	31386	31393
159.7	30948	31912	31392	31399
159.8	30955	31919	31399	31405
159.9	30959	31921	31404	31411
160	30962	31936	31411	31417
160.1	30983	31941	31418	31426
160.2	31005	31945	31427	31434
160.3	31027	31949	31434	31443
160.4	31045	31958	31441	31452
160.5	31069	31975	31449	31460
160.6	31087	31984	31455	31469
160.7	31106	31990	31463	31478
160.8	31125	31995	31469	31486
160.9	31150	31999	31476	31495
161	31163	32006	31483	31504
161.1	31179	32009	31491	31512
161.2	31195	32021	31498	31521
161.3	31211	32030	31507	31530
161.4	31227	32048	31516	31539
161.5	31243	32051	31524	31547
161.6	31256	32071	31532	31556
161.7	31270	32075	31539	31565
161.8	31280	32078	31547	31573
161.9	31295	32081	31556	31582
162	31305	32092	31563	31591
162.1	31315	32103	31571	31599
162.2	31324	32121	31579	31608
162.3	31333	32140	31588	31617
162.4	31339	32162	31595	31625
162.5	31342	32175	31603	31634
162.6	31347	32201	31614	31643
162.7	31353	32221	31622	31651
162.8	31361	32225	31631	31660
162.9	31369	32236	31639	31669
163	31373	32251	31646	31677
163.1	31381	32266	31655	31686
163.2	31385	32281	31663	31695
163.3	31389	32299	31672	31703
163.4	31392	32309	31681	31712
163.5	31397	32319	31688	31721
163.6	31403	32336	31696	31729
163.7	31408	32356	31704	31738
163.8	31412	32376	31712	31747
163.9	31417	32390	31720	31755
164	31420	32398	31728	31764
164.1	31423	32419	31736	31773
164.2	31426	32428	31744	31782
164.3	31428	32438	31753	31790
164.4	31430	32447	31760	31799
164.5	31435	32466	31769	31808
164.6	31438	32492	31777	31816
164.7	31442	32505	31784	31825
164.8	31445	32524	31793	31834
164.9	31449	32548	31799	31842
165	31453	32559	31807	31851
165.1	31473	32563	31826	31871
165.2	31485	32581	31844	31891
165.3	31500	32616	31863	31910
165.4	31514	32657	31882	31930
165.5	31523	32672	31902	31950
165.6	31531	32689	31921	31970
165.7	31538	32725	31939	31990
165.8	31543	32773	31959	32009
165.9	31551	32823	31978	32029
166	31555	32862	31996	32049
166.1	31563	32888	32016	32069
166.2	31572	32934	32036	32089
166.3	31578	32998	32054	32109
166.4	31584	33035	32070	32128
166.5	31590	33056	32092	32148
166.6	31598	33103	32108	32168
166.7	31606	33148	32124	32188
166.8	31614	33189	32142	32208
166.9	31623	33246	32159	32227
167	31627	33292	32178	32247
167.1	31632	33338	32197	32267
167.2	31637	33389	32213	32287
167.3	31643	33451	32230	32307
167.4	31649	33522	32249	32327
167.5	31653	33585	32267	32346
167.6	31657	33641	32283	32366
167.7	31660	33682	32299	32386
167.8	31661	33742	32316	32406
167.9	31665	33807	32330	32426
168	31669	33869	32345	32445
168.1	31673	33921	32361	32465
168.2	31676	33970	32373	32485
168.3	31679	33990	32391	32505
168.4	31682	34015	32408	32525
168.5	31685	34075	32424	32545
168.6	31689	34092	32440	32564
168.7	31694	34145	32456	32584
168.8	31698	34210	32470	32604
168.9	31702	34266	32486	32624
169	31707	34333	32501	32644
169.1	31711	34402	32517	32663
169.2	31717	34464	32533	32683
169.3	31721	34523	32549	32703
169.4	31723	34578	32566	32723
169.5	31725	34629	32581	32743
169.6	31728	34689	32597	32763
169.7	31732	34752	32613	32782
169.8	31733	34815	32628	32802
169.9	31735	34873	32645	32822
170	31737	34924	32660	32842
170.1	31757	34948	32680	32862
170.2	31769	34967	32698	32882
170.3	31783	34990	32718	32903
170.4	31801	35013	32739	32923
170.5	31821	35034	32759	32943
170.6	31836	35050	32783	32963
170.7	31849	35070	32804	32983
170.8	31856	35098	32823	33004
170.9	31862	35133	32842	33024
171	31873	35161	32863	33044
171.1	31880	35183	32876	33064
171.2	31889	35200	32898	33085
171.3	31899	35242	32919	33105
171.4	31912	35265	32939	33125
171.5	31917	35286	32956	33145
171.6	31925	35310	32978	33166
171.7	31935	35355	33000	33186
171.8	31948	35402	33023	33206
171.9	31961	35439	33042	33226
172	31969	35447	33062	33246
172.1	31978	35474	33086	33267
172.2	31988	35488	33105	33287
