depth	min	max	median	mean
0	554	3919	3004	2845
0.1	623	3920	3023	2868
0.2	691	3922	3043	2891
0.3	760	3925	3062	2914
0.4	829	3929	3084	2937
0.5	897	3930	3102	2960
0.6	966	3932	3122	2983
0.7	1034	3933	3145	3006
0.8	1103	3937	3165	3029
0.9	1171	3942	3182	3052
1	1229	3947	3203	3075
1.1	1302	3952	3226	3098
1.2	1375	3958	3246	3121
1.3	1441	3963	3267	3144
1.4	1508	3969	3288	3167
1.5	1575	3974	3310	3191
1.6	1641	3980	3328	3214
1.7	1708	3983	3347	3237
1.8	1776	3990	3366	3260
1.9	1845	3993	3385	3283
2	1908	3998	3403	3306
2.1	1975	4004	3423	3329
2.2	2041	4008	3445	3352
2.3	2108	4012	3466	3375
2.4	2174	4017	3489	3398
2.5	2226	4024	3511	3421
2.6	2287	4029	3531	3444
2.7	2355	4034	3551	3467
2.8	2421	4041	3569	3490
2.9	2481	4046	3592	3513
3	2538	4056	3611	3536
3.1	2596	4064	3634	3559
3.2	2664	4072	3653	3582
3.3	2732	4083	3672	3605
3.4	2778	4094	3694	3628
3.5	2840	4104	3713	3651
3.6	2894	4114	3734	3674
3.7	2943	4119	3758	3697
3.8	2994	4129	3778	3720
3.9	3046	4138	3797	3744
4	3095	4153	3817	3767
4.1	3151	4167	3836	3790
4.2	3211	4182	3856	3813
4.3	3251	4196	3875	3836
4.4	3301	4214	3894	3859
4.5	3348	4225	3918	3882
4.6	3389	4245	3941	3905
4.7	3422	4261	3964	3928
4.8	3458	4280	3983	3951
4.9	3481	4300	4001	3974
5	3520	4328	4023	3997
5.1	3573	4333	4035	4016
5.2	3617	4339	4050	4034
5.3	3669	4347	4066	4053
5.4	3717	4351	4082	4072
5.5	3768	4363	4098	4090
5.6	3815	4371	4115	4109
5.7	3862	4380	4130	4127
5.8	3900	4388	4148	4146
5.9	3931	4400	4164	4165
7.8	4119	5172	4468	4519
7.9	4125	5233	4482	4538
8	4128	5291	4497	4556
8.1	4132	5344	4511	4575
8.2	4135	5399	4523	4593
8.3	4138	5457	4540	4612
8.4	4142	5517	4556	4631
8.5	4145	5578	4570	4649
8.6	4148	5638	4584	4668
8.7	4152	5691	4600	4687
8.8	4155	5751	4615	4705
8.9	4160	5811	4630	4724
9	4163	5871	4646	4743
9.1	4165	5927	4662	4761
9.2	4167	5981	4676	4780
9.3	4170	6036	4689	4798
9.4	4170	6090	4702	4817
9.5	4171	6147	4717	4836
9.6	4172	6200	4733	4854
9.7	4174	6255	4749	4873
9.8	4178	6312	4764	4892
9.9	4183	6369	4780	4910
10	4187	6428	4793	4929
10.1	4201	6449	4809	4943
10.2	4210	6469	4823	4956
10.3	4223	6501	4835	4970
10.4	4233	6530	4846	4984
10.5	4247	6555	4863	4998
10.6	4254	6569	4876	5011
10.7	4263	6589	4889	5025
10.8	4265	6601	4904	5039
10.9	4270	6610	4918	5052
11	4275	6622	4930	5066
11.1	4284	6651	4942	5080
11.2	4293	6674	4959	5094
11.3	4300	6694	4975	5107
11.4	4309	6717	4992	5121
11.5	4315	6732	5007	5135
11.6	4319	6739	5022	5149
11.7	4324	6754	5036	5162
11.8	4331	6763	5050	5176
11.9	4339	6784	5065	5190
12	4348	6805	5078	5204
12.1	4357	6839	5098	5217
12.2	4366	6877	5113	5231
12.3	4373	6894	5132	5245
12.4	4376	6913	5146	5258
12.5	4379	6927	5164	5272
12.6	4382	6943	5181	5286
12.7	4386	6960	5195	5300
12.8	4390	6976	5211	5313
12.9	4396	6994	5225	5327
13	4398	7015	5239	5341
13.1	4400	7037	5255	5355
13.2	4405	7065	5266	5368
13.3	4408	7084	5283	5382
13.4	4411	7098	5303	5396
13.5	4414	7121	5321	5409
13.6	4417	7146	5333	5423
13.7	4422	7165	5346	5437
13.8	4424	7184	5360	5451
13.9	4427	7199	5370	5464
14	4429	7217	5377	5478
14.1	4432	7238	5386	5492
14.2	4434	7258	5396	5506
14.3	4438	7282	5411	5519
14.4	4443	7296	5424	5533
14.5	4448	7304	5437	5547
14.6	4453	7314	5453	5560
14.7	4455	7334	5465	5574
14.8	4457	7363	5477	5588
14.9	4459	7390	5488	5602
15	4464	7408	5502	5615
15.1	4489	7422	5513	5631
15.2	4511	7430	5530	5646
15.3	4525	7438	5543	5662
15.4	4545	7457	5558	5677
15.5	4558	7477	5573	5693
15.6	4574	7488	5590	5708
15.7	4593	7503	5611	5724
15.8	4610	7511	5632	5739
15.9	4624	7525	5651	5755
16	4632	7547	5671	5770
16.1	4636	7569	5687	5786
16.2	4645	7585	5703	5801
16.3	4665	7590	5722	5817
16.4	4677	7608	5742	5832
16.5	4684	7624	5757	5848
16.6	4695	7635	5782	5864
16.7	4707	7650	5803	5879
16.8	4723	7656	5823	5895
16.9	4732	7665	5844	5910
17	4744	7679	5860	5926
17.1	4752	7693	5872	5941
17.2	4756	7701	5886	5957
17.3	4761	7718	5911	5972
17.4	4766	7728	5926	5988
17.5	4773	7740	5944	6003
17.6	4782	7767	5961	6019
17.7	4789	7780	5978	6034
17.8	4794	7792	5997	6050
17.9	4800	7805	6009	6065
18	4813	7818	6029	6081
18.1	4825	7831	6042	6096
18.2	4833	7849	6055	6112
18.3	4842	7860	6068	6127
18.4	4848	7866	6082	6143
21	5073	8436	6495	6545
21.1	5089	8440	6511	6561
21.2	5105	8444	6531	6576
21.3	5121	8448	6549	6591
21.4	5131	8468	6570	6607
21.5	5142	8474	6592	6622
21.6	5155	8479	6613	6638
21.7	5167	8481	6630	6653
21.8	5173	8483	6644	6669
21.9	5179	8483	6664	6684
22	5193	8492	6681	6700
22.1	5203	8493	6699	6715
22.2	5211	8502	6715	6730
22.3	5224	8505	6737	6746
22.4	5234	8509	6756	6761
22.5	5235	8513	6774	6777
22.6	5237	8519	6792	6792
22.7	5245	8537	6809	6808
22.8	5259	8550	6829	6823
22.9	5269	8556	6848	6838
23	5277	8566	6862	6854
23.1	5280	8579	6871	6869
23.2	5283	8582	6885	6885
23.3	5294	8584	6897	6900
23.4	5309	8587	6914	6916
23.5	5313	8592	6934	6931
23.6	5314	8602	6948	6946
23.7	5315	8604	6964	6962
23.8	5317	8614	6981	6977
23.9	5321	8619	6996	6993
24	5330	8625	7013	7008
24.1	5339	8632	7028	7024
24.2	5348	8635	7046	7039
24.3	5357	8651	7061	7054
24.4	5363	8675	7078	7070
24.5	5369	8688	7091	7085
24.6	5372	8714	7103	7101
24.7	5376	8724	7116	7116
24.8	5387	8739	7134	7132
24.9	5398	8760	7152	7147
25	5409	8795	7166	7163
25.1	5425	8798	7178	7178
25.2	5458	8809	7193	7193
25.3	5492	8810	7210	7208
25.4	5516	8816	7220	7223
25.5	5541	8819	7234	7237
25.6	5564	8821	7254	7252
25.7	5595	8827	7268	7267
25.8	5625	8835	7278	7282
25.9	5660	8843	7290	7297
26	5697	8849	7302	7312
26.1	5717	8860	7312	7327
26.2	5740	8864	7329	7342
26.3	5771	8872	7348	7357
26.4	5796	8873	7361	7372
26.5	5821	8875	7380	7387
26.6	5850	8885	7393	7402
26.7	5878	8894	7405	7417
26.8	5912	8900	7418	7432
26.9	5938	8901	7427	7447
27	5951	8915	7442	7462
27.1	5977	8926	7456	7477
27.2	5992	8937	7473	7492
27.3	6011	8947	7489	7507
27.4	6020	8954	7510	7522
27.5	6043	8965	7523	7537
27.6	6065	8972	7543	7552
27.7	6083	8978	7556	7567
27.8	6112	8984	7575	7582
27.9	6130	8992	7588	7597
28	6143	8999	7604	7612
28.1	6150	9002	7621	7627
28.2	6180	9003	7640	7642
28.3	6186	9008	7654	7657
28.4	6194	9015	7671	7672
28.5	6201	9025	7692	7687
28.6	6226	9033	7718	7702
28.7	6244	9042	7732	7717
28.8	6254	9051	7751	7732
28.9	6268	9059	7765	7747
29	6279	9067	7789	7762
29.1	6285	9074	7805	7777
29.2	6307	9086	7827	7792
29.3	6314	9102	7843	7807
29.4	6324	9107	7863	7822
29.5	6327	9123	7880	7837
29.6	6337	9134	7897	7852
29.7	6340	9147	7920	7867
29.8	6345	9162	7940	7882
29.9	6355	9178	7957	7897
30	6368	9183	7980	7912
30.1	6404	9188	7993	7927
30.2	6436	9188	8006	7941
30.3	6472	9191	8018	7956
30.4	6511	9195	8032	7971
30.5	6541	9197	8043	7985
30.6	6560	9201	8053	8000
30.7	6584	9205	8068	8015
30.8	6602	9210	8081	8029
30.9	6634	9211	8097	8044
31	6664	9215	8110	8058
31.1	6693	9220	8119	8073
31.2	6724	9228	8130	8088
31.3	6753	9231	8145	8102
31.4	6780	9232	8157	8117
31.5	6795	9232	8170	8132
31.6	6820	9236	8182	8146
31.7	6837	9243	8200	8161
31.8	6859	9251	8211	8175
31.9	6874	9253	8224	8190
32	6890	9256	8239	8205
32.1	6904	9263	8256	8219
32.2	6921	9269	8272	8234
32.3	6937	9276	8289	8249
32.4	6953	9283	8304	8263
32.5	6970	9289	8319	8278
32.6	6985	9295	8333	8293
32.7	7002	9300	8349	8307
32.8	7020	9302	8365	8322
32.9	7031	9311	8382	8336
33	7043	9314	8400	8351
33.1	7059	9325	8419	8366
33.2	7078	9334	8438	8380
33.3	7091	9339	8455	8395
33.4	7103	9349	8469	8410
33.5	7124	9357	8486	8424
33.6	7140	9363	8500	8439
33.7	7156	9369	8518	8453
33.8	7161	9373	8535	8468
33.9	7165	9380	8545	8483
34	7183	9387	8561	8497
34.1	7194	9395	8581	8512
34.2	7201	9401	8602	8527
34.3	7215	9414	8620	8541
34.4	7231	9424	8637	8556
34.5	7253	9441	8650	8570
34.6	7266	9450	8664	8585
34.7	7279	9466	8680	8600
34.8	7288	9479	8693	8614
34.9	7297	9489	8712	8629
35	7306	9502	8727	8644
35.1	7346	9507	8740	8658
35.2	7378	9511	8751	8672
35.3	7405	9513	8765	8686
35.4	7443	9518	8777	8700
35.5	7477	9520	8787	8714
35.6	7513	9521	8799	8728
35.7	7540	9523	8809	8742
35.8	7576	9525	8821	8756
35.9	7608	9528	8832	8770
36	7644	9530	8847	8784
36.1	7674	9532	8862	8798
36.2	7701	9536	8877	8812
36.3	7735	9540	8893	8826
36.4	7774	9544	8907	8840
36.5	7811	9549	8918	8854
36.6	7845	9553	8930	8869
36.7	7885	9557	8943	8883
36.8	7915	9563	8958	8897
36.9	7946	9570	8969	8911
37	7978	9576	8979	8925
37.1	8012	9582	8994	8939
37.2	8047	9584	9007	8953
37.3	8078	9590	9020	8967
37.4	8103	9596	9032	8981
37.5	8126	9597	9044	8995
37.6	8151	9601	9056	9009
37.7	8182	9606	9069	9023
37.8	8204	9614	9086	9037
37.9	8222	9620	9100	9051
38	8251	9627	9115	9065
38.1	8283	9638	9131	9079
38.2	8305	9641	9146	9094
38.3	8342	9643	9162	9108
38.4	8368	9651	9177	9122
38.5	8382	9657	9193	9136
38.6	8393	9669	9208	9150
38.7	8417	9675	9225	9164
38.8	8425	9679	9241	9178
38.9	8440	9688	9256	9192
39	8459	9706	9269	9206
39.1	8467	9709	9279	9220
39.2	8481	9717	9293	9234
39.3	8492	9733	9307	9248
39.4	8512	9745	9322	9262
39.5	8525	9750	9335	9276
39.6	8530	9765	9349	9290
39.7	8545	9773	9362	9304
39.8	8559	9786	9375	9318
39.9	8569	9801	9386	9333
40	8580	9820	9405	9347
40.1	8647	9829	9425	9370
40.2	8714	9841	9443	9394
40.3	8785	9855	9462	9418
40.4	8852	9866	9480	9442
40.5	8916	9884	9499	9466
40.6	8979	9899	9517	9490
40.7	9046	9904	9535	9514
40.8	9117	9912	9551	9538
40.9	9184	9922	9570	9561
41	9246	9933	9588	9585
41.1	9309	9949	9606	9609
41.2	9370	9963	9624	9633
41.3	9434	9980	9642	9657
41.4	9491	9996	9661	9681
41.5	9547	10016	9681	9705
41.6	9592	10033	9703	9729
41.7	9617	10053	9725	9752
41.8	9637	10085	9750	9776
41.9	9649	10112	9776	9800
42	9662	10154	9800	9824
42.1	9668	10196	9825	9848
42.2	9675	10231	9847	9872
42.3	9682	10266	9868	9896
42.4	9687	10311	9890	9920
42.5	9696	10356	9912	9943
42.6	9700	10410	9934	9967
42.7	9705	10461	9953	9991
42.8	9710	10522	9975	10015
42.9	9714	10589	9994	10039
43	9719	10650	10014	10063
43.1	9722	10717	10035	10087
43.2	9728	10780	10056	10111
43.3	9734	10844	10077	10134
43.4	9738	10908	10096	10158
43.5	9741	10974	10116	10182
43.6	9744	11039	10135	10206
43.7	9748	11107	10153	10230
43.8	9751	11173	10174	10254
43.9	9753	11237	10194	10278
44	9757	11305	10214	10302
44.1	9759	11373	10232	10325
44.2	9760	11441	10252	10349
44.3	9764	11509	10272	10373
44.4	9768	11576	10293	10397
44.5	9772	11644	10313	10421
44.6	9775	11709	10334	10445
44.7	9778	11778	10353	10469
44.8	9780	11848	10372	10492
44.9	9784	11907	10391	10516
45	9787	11975	10410	10540
45.1	9811	12017	10447	10577
45.2	9841	12059	10490	10614
45.3	9866	12099	10530	10650
45.4	9886	12146	10567	10687
45.5	9909	12191	10601	10724
45.6	9933	12238	10646	10760
45.7	9957	12264	10690	10797
45.8	9977	12309	10733	10834
45.9	9992	12354	10774	10871
46	10007	12400	10814	10907
46.1	10018	12436	10852	10944
46.2	10030	12483	10893	10981
46.3	10036	12520	10929	11017
46.4	10050	12572	10966	11054
46.5	10058	12623	11001	11091
46.6	10065	12685	11040	11127
46.7	10069	12737	11080	11164
46.8	10082	12795	11113	11201
46.9	10094	12852	11148	11238
47	10100	12918	11185	11274
47.1	10112	12995	11219	11311
47.2	10122	13056	11254	11348
47.3	10130	13137	11291	11384
47.4	10139	13212	11328	11421
47.5	10148	13296	11369	11458
47.6	10161	13353	11405	11495
47.7	10170	13423	11439	11531
47.8	10178	13492	11475	11568
47.9	10188	13555	11505	11605
48	10196	13628	11536	11641
48.1	10209	13711	11566	11678
48.2	10221	13796	11601	11715
48.3	10227	13882	11635	11751
48.4	10233	13952	11664	11788
48.5	10244	14042	11696	11825
48.6	10251	14132	11725	11862
48.7	10255	14217	11757	11898
48.8	10260	14296	11788	11935
48.9	10266	14375	11815	11972
49	10277	14463	11848	12008
49.1	10282	14553	11878	12045
49.2	10287	14633	11910	12082
49.3	10293	14715	11941	12118
49.4	10298	14813	11976	12155
49.5	10303	14887	12007	12192
49.6	10308	14959	12038	12229
49.7	10314	15046	12070	12265
49.8	10320	15126	12107	12302
49.9	10325	15197	12141	12339
50	10330	15277	12177	12375
50.1	10413	15293	12222	12420
50.2	10477	15308	12269	12465
50.3	10545	15340	12324	12510
50.4	10588	15357	12374	12555
50.5	10639	15381	12423	12600
50.6	10686	15400	12479	12644
50.7	10733	15438	12529	12689
50.8	10768	15477	12578	12734
50.9	10810	15508	12626	12779
51	10852	15537	12673	12824
51.1	10886	15555	12733	12869
51.2	10915	15588	12788	12913
51.3	10945	15622	12833	12958
51.4	10971	15658	12898	13003
51.5	10994	15694	12953	13048
51.6	11017	15729	13016	13093
51.7	11047	15749	13070	13137
51.8	11072	15772	13125	13182
51.9	11106	15810	13191	13227
52	11126	15848	13241	13272
52.1	11146	15886	13298	13317
52.2	11168	15915	13346	13362
52.3	11197	15954	13397	13406
52.4	11231	15970	13448	13451
52.5	11256	16003	13499	13496
52.6	11278	16030	13552	13541
52.7	11299	16054	13602	13586
52.8	11322	16089	13653	13631
52.9	11344	16123	13707	13675
53	11351	16158	13753	13720
53.1	11378	16185	13808	13765
53.2	11396	16217	13866	13810
53.3	11420	16252	13923	13855
53.4	11449	16283	13980	13900
53.5	11467	16313	14037	13944
53.6	11491	16349	14089	13989
53.7	11510	16389	14135	14034
53.8	11526	16403	14184	14079
53.9	11541	16437	14233	14124
54	11566	16500	14277	14168
54.1	11585	16550	14344	14213
54.2	11614	16607	14383	14258
54.3	11635	16678	14424	14303
54.4	11663	16729	14467	14348
54.5	11685	16777	14502	14393
54.6	11709	16847	14545	14437
54.7	11729	16905	14584	14482
54.8	11759	16965	14629	14527
54.9	11781	17037	14669	14572
55	11795	17116	14708	14617
55.1	11852	17127	14743	14658
55.2	11930	17139	14782	14699
55.3	11952	17157	14824	14741
55.4	11974	17175	14866	14782
55.5	12058	17193	14917	14823
55.6	12138	17213	14963	14865
55.7	12196	17230	15016	14906
55.8	12250	17251	15056	14947
55.9	12331	17258	15097	14989
56	12382	17276	15140	15030
56.1	12426	17296	15189	15071
56.2	12496	17311	15237	15112
56.3	12590	17327	15276	15154
56.4	12610	17355	15315	15195
56.5	12694	17373	15350	15236
56.6	12765	17388	15390	15278
56.7	12845	17414	15427	15319
56.8	12862	17437	15483	15360
56.9	12895	17466	15526	15402
57	12931	17491	15565	15443
57.1	12949	17507	15610	15484
57.2	12973	17522	15653	15526
57.3	12991	17546	15695	15567
57.4	13033	17570	15733	15608
57.5	13078	17579	15774	15649
57.6	13086	17610	15812	15691
57.7	13135	17630	15859	15732
57.8	13183	17642	15902	15773
57.9	13239	17655	15946	15815
58	13264	17684	16002	15856
58.1	13315	17715	16050	15897
58.2	13378	17732	16106	15939
58.3	13425	17764	16145	15980
58.4	13454	17782	16183	16021
58.5	13477	17810	16230	16063
58.6	13523	17838	16278	16104
58.7	13550	17871	16317	16145
58.8	13574	17898	16370	16187
58.9	13591	17933	16420	16228
59	13649	17955	16463	16269
59.1	13710	17989	16500	16310
59.2	13743	18017	16544	16352
59.3	13763	18061	16597	16393
59.4	13811	18095	16646	16434
59.5	13837	18140	16687	16476
59.6	13861	18188	16735	16517
59.7	13885	18235	16780	16558
59.8	13910	18287	16825	16600
59.9	13959	18347	16873	16641
60	14031	18404	16915	16682
60.1	14117	18412	16946	16718
60.2	14203	18417	16975	16753
60.3	14289	18419	17004	16789
60.4	14375	18425	17035	16824
60.5	14460	18432	17064	16860
60.6	14539	18438	17095	16895
60.7	14618	18446	17125	16930
60.8	14712	18448	17155	16966
60.9	14806	18451	17188	17001
61	14893	18455	17217	17037
61.1	14979	18459	17248	17072
61.2	15071	18462	17281	17108
61.3	15156	18466	17310	17143
61.4	15242	18470	17339	17179
61.5	15327	18473	17368	17214
61.6	15409	18481	17401	17249
61.7	15496	18490	17429	17285
61.8	15582	18493	17458	17320
61.9	15668	18498	17489	17356
62	15756	18505	17520	17391
62.1	15849	18509	17546	17427
62.2	15935	18515	17574	17462
62.3	16018	18524	17606	17498
62.4	16107	18530	17637	17533
62.5	16191	18536	17666	17569
62.6	16277	18545	17698	17604
62.7	16366	18551	17731	17639
62.8	16449	18555	17760	17675
62.9	16529	18559	17789	17710
63	16608	18570	17819	17746
63.1	16695	18578	17852	17781
63.2	16777	18594	17881	17817
63.3	16852	18601	17911	17852
63.4	16927	18608	17942	17888
63.5	17008	18623	17975	17923
63.6	17095	18636	18008	17958
63.7	17179	18644	18035	17994
63.8	17257	18652	18068	18029
63.9	17337	18662	18097	18065
64	17416	18668	18126	18100
64.1	17482	18677	18159	18136
64.2	17543	18684	18192	18171
64.3	17597	18698	18227	18207
64.4	17666	18708	18262	18242
64.5	17727	18724	18297	18278
64.6	17786	18738	18335	18313
64.7	17839	18754	18372	18348
64.8	17882	18769	18410	18384
64.9	17921	18786	18445	18419
65	17956	18812	18481	18455
65.1	18002	18821	18500	18478
65.2	18058	18832	18522	18500
65.3	18097	18844	18545	18523
65.4	18143	18848	18566	18546
65.5	18181	18862	18588	18569
65.6	18199	18877	18608	18591
65.7	18230	18886	18628	18614
65.8	18259	18906	18651	18637
65.9	18291	18924	18674	18660
66	18314	18940	18694	18683
66.1	18328	18954	18719	18705
66.2	18346	18981	18743	18728
66.3	18366	19010	18766	18751
66.4	18392	19039	18788	18774
66.5	18409	19076	18810	18797
66.6	18424	19115	18831	18819
66.7	18437	19165	18852	18842
66.8	18451	19209	18871	18865
66.9	18460	19262	18890	18888
67	18476	19316	18911	18910
67.1	18492	19367	18931	18933
67.2	18502	19421	18949	18956
67.3	18513	19478	18968	18979
67.4	18520	19535	18984	19002
67.5	18528	19591	19005	19024
67.6	18538	19651	19025	19047
67.7	18551	19705	19046	19070
67.8	18559	19760	19065	19093
67.9	18572	19818	19085	19116
68	18585	19875	19105	19138
68.1	18592	19934	19124	19161
68.2	18598	19990	19144	19184
68.3	18604	20046	19161	19207
68.4	18609	20101	19182	19230
68.5	18613	20159	19202	19252
68.6	18617	20219	19223	19275
68.7	18622	20275	19243	19298
68.8	18626	20342	19263	19321
68.9	18628	20403	19281	19343
69	18636	20463	19299	19366
69.1	18642	20523	19319	19389
69.2	18650	20584	19340	19412
69.3	18658	20644	19359	19435
69.4	18659	20704	19379	19457
69.5	18664	20764	19399	19480
69.6	18665	20822	19418	19503
69.7	18669	20884	19440	19526
69.8	18676	20943	19461	19549
69.9	18683	21000	19480	19571
70	18692	21058	19500	19594
70.1	18713	21073	19519	19614
70.2	18743	21085	19539	19633
70.3	18757	21097	19559	19652
70.4	18768	21108	19581	19672
71.9	18967	21318	19927	19963
72	18970	21340	19948	19983
72.1	18976	21361	19970	20002
72.2	18984	21370	19994	20021
72.3	18993	21387	20016	20041
72.4	18998	21403	20037	20060
72.5	19008	21413	20062	20080
72.6	19016	21436	20081	20099
72.7	19023	21454	20100	20118
72.8	19029	21476	20125	20138
72.9	19035	21496	20140	20157
73	19041	21529	20162	20177
73.1	19047	21547	20179	20196
73.2	19053	21570	20198	20216
73.3	19059	21595	20212	20235
73.4	19065	21617	20230	20254
73.5	19071	21647	20247	20274
73.6	19078	21664	20267	20293
73.7	19084	21692	20286	20313
73.8	19090	21726	20307	20332
73.9	19096	21759	20326	20352
74	19102	21786	20344	20371
74.1	19108	21809	20362	20390
74.2	19114	21839	20377	20410
74.3	19119	21860	20399	20429
74.4	19123	21892	20417	20449
74.5	19130	21942	20434	20468
74.6	19137	21972	20450	20487
74.7	19140	22035	20470	20507
74.8	19144	22066	20488	20526
74.9	19157	22100	20499	20546
75	19164	22150	20519	20565
75.1	19189	22156	20536	20587
75.2	19230	22161	20563	20608
75.3	19263	22176	20588	20630
75.4	19285	22186	20608	20652
75.5	19313	22205	20632	20673
75.6	19346	22215	20655	20695
75.7	19374	22226	20678	20717
75.8	19396	22239	20705	20738
75.9	19418	22255	20729	20760
76	19428	22266	20748	20782
76.1	19459	22269	20770	20803
76.2	19488	22277	20794	20825
76.3	19504	22287	20816	20847
76.4	19522	22297	20838	20868
76.5	19543	22308	20867	20890
76.6	19566	22324	20891	20912
76.7	19587	22337	20915	20933
76.8	19608	22349	20942	20955
76.9	19629	22360	20969	20977
77	19644	22367	20992	20998
77.1	19663	22387	21016	21020
77.2	19676	22402	21049	21042
77.3	19684	22413	21073	21063
77.4	19695	22429	21093	21085
77.5	19706	22457	21117	21107
77.6	19714	22468	21138	21128
77.7	19723	22476	21165	21150
77.8	19731	22498	21196	21172
77.9	19744	22513	21220	21193
78	19760	22530	21247	21215
78.1	19766	22555	21275	21237
78.2	19777	22570	21303	21258
78.3	19789	22589	21321	21280
78.4	19802	22608	21348	21302
78.5	19813	22639	21372	21323
78.6	19822	22662	21393	21345
78.7	19829	22696	21419	21367
78.8	19839	22717	21446	21388
78.9	19851	22739	21474	21410
79	19860	22773	21500	21432
79.1	19869	22810	21518	21453
79.2	19877	22824	21544	21475
79.3	19889	22858	21566	21497
79.4	19898	22885	21587	21518
79.5	19907	22915	21609	21540
79.6	19917	22945	21632	21561
79.7	19924	22971	21652	21583
79.8	19936	23006	21673	21605
79.9	19945	23051	21697	21626
80	19955	23078	21717	21648
80.1	19989	23082	21733	21666
80.2	20021	23089	21747	21684
80.3	20060	23097	21759	21702
80.4	20079	23107	21773	21720
80.5	20110	23112	21791	21738
80.6	20127	23117	21810	21756
80.7	20142	23121	21830	21774
80.8	20167	23125	21852	21792
80.9	20194	23129	21870	21810
81	20234	23133	21888	21828
81.1	20250	23143	21908	21846
81.2	20282	23154	21926	21864
81.3	20311	23164	21944	21882
81.4	20336	23174	21967	21900
81.5	20360	23185	21986	21918
81.6	20384	23193	22004	21936
81.7	20408	23202	22024	21954
81.8	20427	23210	22046	21972
81.9	20447	23220	22067	21990
82	20467	23226	22087	22008
82.1	20491	23231	22106	22026
82.2	20517	23240	22123	22044
82.3	20538	23248	22141	22062
82.4	20571	23254	22162	22080
82.5	20595	23259	22179	22098
82.6	20617	23264	22195	22116
82.7	20637	23277	22221	22134
82.8	20647	23291	22243	22152
82.9	20661	23301	22265	22170
83	20684	23308	22281	22188
83.1	20699	23319	22302	22206
83.2	20717	23327	22327	22224
83.3	20735	23333	22344	22242
83.4	20754	23342	22361	22260
83.5	20772	23353	22383	22278
83.6	20788	23371	22405	22296
83.7	20807	23384	22426	22314
83.8	20825	23404	22444	22332
83.9	20846	23420	22466	22350
84	20855	23437	22484	22368
84.1	20860	23448	22506	22386
84.2	20868	23461	22526	22404
84.3	20878	23479	22540	22422
84.4	20887	23494	22560	22440
84.5	20901	23509	22577	22458
84.6	20915	23533	22594	22476
84.7	20928	23559	22611	22494
84.8	20936	23580	22627	22512
84.9	20946	23602	22644	22530
85	20959	23634	22664	22548
85.1	21007	23637	22681	22568
85.2	21059	23639	22699	22588
85.3	21116	23645	22716	22608
85.4	21165	23649	22734	22628
85.5	21214	23651	22753	22649
85.6	21262	23654	22771	22669
85.7	21309	23658	22788	22689
85.8	21355	23659	22809	22709
85.9	21401	23663	22826	22729
86	21445	23666	22843	22749
86.1	21497	23668	22860	22769
86.2	21547	23670	22878	22790
86.3	21596	23674	22894	22810
86.4	21646	23679	22911	22830
86.5	21696	23684	22927	22850
86.6	21745	23688	22943	22870
86.7	21795	23694	22961	22890
86.8	21839	23696	22976	22910
86.9	21882	23701	22993	22930
87	21931	23704	23012	22951
87.1	21980	23709	23028	22971
87.2	22014	23712	23047	22991
87.3	22060	23719	23067	23011
87.4	22100	23722	23084	23031
87.5	22140	23729	23104	23051
87.6	22193	23735	23121	23071
87.7	22237	23743	23137	23092
87.8	22279	23749	23157	23112
87.9	22325	23756	23175	23132
88	22373	23762	23193	23152
88.1	22409	23768	23212	23172
88.2	22441	23774	23227	23192
88.3	22478	23783	23242	23212
88.4	22516	23790	23263	23233
88.5	22562	23797	23283	23253
88.6	22589	23804	23300	23273
88.7	22625	23815	23317	23293
88.8	22651	23827	23334	23313
88.9	22684	23835	23354	23333
89	22718	23845	23376	23353
89.1	22755	23854	23397	23374
89.2	22779	23864	23418	23394
89.3	22810	23882	23437	23414
89.4	22837	23900	23458	23434
89.5	22861	23910	23478	23454
89.6	22886	23935	23499	23474
89.7	22911	23950	23517	23494
89.8	22935	23968	23536	23515
89.9	22950	23990	23559	23535
90	22968	24012	23580	23555
90.1	23012	24017	23592	23569
90.2	23047	24027	23603	23583
90.3	23077	24034	23617	23597
90.4	23108	24040	23632	23612
90.5	23136	24046	23645	23626
90.6	23166	24053	23658	23640
90.7	23195	24060	23672	23654
90.8	23217	24069	23687	23669
90.9	23240	24079	23701	23683
91	23266	24088	23717	23697
91.1	23282	24097	23730	23711
91.2	23299	24119	23744	23725
91.3	23316	24136	23759	23740
91.4	23327	24145	23775	23754
91.5	23341	24159	23789	23768
91.6	23358	24175	23800	23782
91.7	23375	24191	23814	23796
91.8	23393	24204	23827	23811
91.9	23405	24216	23841	23825
92	23417	24235	23853	23839
92.1	23426	24256	23864	23853
92.2	23436	24277	23876	23867
92.3	23441	24303	23889	23882
92.4	23451	24322	23901	23896
92.5	23456	24348	23914	23910
92.6	23467	24372	23926	23924
92.7	23474	24407	23937	23939
92.8	23479	24449	23949	23953
92.9	23482	24484	23960	23967
93	23492	24515	23970	23981
93.1	23494	24537	23982	23995
93.2	23498	24572	23994	24010
93.3	23502	24611	24004	24024
93.4	23507	24651	24016	24038
93.5	23511	24690	24029	24052
93.6	23516	24729	24041	24066
93.7	23528	24766	24052	24081
93.8	23534	24804	24063	24095
93.9	23538	24842	24072	24109
94	23541	24881	24084	24123
94.1	23545	24911	24094	24137
94.2	23548	24946	24105	24152
94.3	23551	24978	24116	24166
94.4	23555	25015	24127	24180
94.5	23560	25052	24137	24194
94.6	23565	25087	24150	24209
94.7	23567	25123	24162	24223
94.8	23572	25158	24175	24237
94.9	23579	25197	24188	24251
95	23584	25245	24200	24265
95.1	23592	25257	24212	24279
95.2	23603	25265	24226	24292
95.3	23621	25272	24237	24305
95.4	23639	25285	24254	24319
95.5	23651	25297	24267	24332
95.6	23657	25312	24279	24345
95.7	23669	25321	24298	24359
95.8	23683	25331	24312	24372
95.9	23692	25340	24327	24385
96	23705	25351	24340	24399
96.1	23718	25366	24353	24412
96.2	23729	25380	24366	24425
96.3	23736	25394	24381	24438
96.4	23744	25406	24394	24452
96.5	23750	25418	24410	24465
96.6	23757	25430	24425	24478
96.7	23765	25443	24442	24492
96.8	23773	25461	24456	24505
96.9	23780	25482	24469	24518
97	23783	25496	24485	24532
97.1	23793	25528	24499	24545
97.2	23802	25551	24514	24558
97.3	23814	25582	24529	24572
97.4	23823	25607	24544	24585
97.5	23830	25627	24558	24598
97.6	23840	25646	24576	24612
97.7	23842	25670	24586	24625
97.8	23846	25688	24601	24638
97.9	23851	25713	24616	24652
98	23856	25729	24627	24665
98.1	23862	25751	24642	24678
98.2	23869	25781	24654	24692
98.3	23871	25813	24667	24705
98.4	23876	25837	24682	24718
98.5	23882	25853	24696	24731
98.6	23886	25859	24709	24745
98.7	23888	25879	24723	24758
98.8	23894	25901	24734	24771
98.9	23900	25935	24746	24785
99	23903	25965	24756	24798
99.1	23903	25983	24767	24811
99.2	23904	26014	24783	24825
99.3	23907	26044	24795	24838
99.4	23916	26062	24808	24851
99.5	23919	26102	24820	24865
99.6	23922	26144	24832	24878
99.7	23928	26167	24845	24891
99.8	23930	26198	24856	24905
99.9	23935	26230	24866	24918
100	23940	26262	24878	24931
100.1	23954	26272	24892	24945
100.2	23971	26285	24904	24959
100.3	23984	26298	24919	24973
100.4	24001	26310	24935	24987
100.5	24016	26319	24947	25001
100.6	24023	26337	24961	25015
100.7	24034	26356	24974	25029
100.8	24045	26374	24989	25043
100.9	24061	26400	25000	25057
101	24075	26419	25015	25071
101.1	24085	26429	25029	25085
101.2	24095	26440	25044	25099
101.3	24105	26447	25061	25113
101.4	24116	26460	25074	25127
101.5	24125	26481	25089	25141
101.6	24140	26501	25105	25155
101.7	24147	26515	25118	25169
101.8	24161	26542	25129	25183
101.9	24172	26562	25145	25197
102	24183	26569	25159	25211
102.1	24191	26592	25174	25225
102.2	24203	26619	25187	25239
102.3	24214	26643	25203	25252
102.4	24225	26662	25219	25266
102.5	24234	26685	25230	25280
102.6	24241	26699	25248	25294
102.7	24247	26706	25261	25308
102.8	24249	26723	25271	25322
102.9	24251	26743	25288	25336
103	24257	26764	25300	25350
103.1	24265	26791	25317	25364
103.2	24268	26817	25331	25378
103.3	24273	26844	25344	25392
103.4	24284	26868	25357	25406
103.5	24294	26889	25372	25420
103.6	24300	26906	25383	25434
103.7	24308	26929	25397	25448
103.8	24316	26938	25412	25462
103.9	24326	26970	25427	25476
104	24331	26998	25440	25490
104.1	24335	27013	25454	25504
104.2	24339	27034	25466	25518
104.3	24344	27056	25479	25532
104.4	24349	27078	25492	25546
104.5	24353	27093	25507	25560
104.6	24358	27126	25521	25574
104.7	24362	27157	25527	25588
104.8	24366	27203	25539	25602
104.9	24368	27231	25550	25616
105	24371	27266	25558	25630
105.1	24391	27267	25569	25642
105.2	24407	27273	25583	25655
105.3	24425	27279	25596	25668
105.4	24443	27285	25610	25681
105.5	24455	27288	25625	25694
105.6	24467	27306	25634	25706
105.7	24479	27331	25647	25719
105.8	24489	27351	25663	25732
105.9	24495	27357	25675	25745
106	24508	27359	25687	25758
106.1	24520	27361	25703	25770
106.2	24530	27378	25718	25783
106.3	24541	27394	25734	25796
106.4	24548	27402	25744	25809
106.5	24554	27410	25758	25822
106.6	24559	27420	25769	25834
106.7	24565	27431	25782	25847
106.8	24573	27439	25793	25860
106.9	24576	27445	25808	25873
107	24597	27449	25820	25885
107.1	24617	27461	25837	25898
107.2	24621	27471	25854	25911
107.3	24627	27480	25868	25924
107.4	24630	27491	25880	25937
107.5	24649	27499	25896	25949
107.6	24657	27506	25912	25962
107.7	24671	27514	25930	25975
107.8	24679	27530	25941	25988
107.9	24684	27547	25950	26001
108	24695	27568	25967	26013
108.1	24702	27575	25986	26026
108.2	24715	27581	26001	26039
108.3	24717	27589	26016	26052
108.4	24730	27610	26031	26065
108.5	24740	27624	26046	26077
108.6	24747	27646	26061	26090
108.7	24761	27657	26075	26103
108.8	24765	27666	26087	26116
108.9	24768	27675	26100	26129
109	24781	27684	26113	26141
109.1	24790	27706	26123	26154
109.2	24792	27718	26135	26167
109.3	24806	27730	26149	26180
109.4	24815	27749	26156	26193
109.5	24823	27762	26167	26205
109.6	24830	27782	26179	26218
109.7	24837	27813	26193	26231
109.8	24839	27825	26206	26244
109.9	24840	27847	26217	26256
110	24850	27871	26229	26269
110.1	24872	27879	26244	26282
110.2	24892	27886	26258	26295
110.3	24909	27893	26277	26308
110.4	24921	27900	26293	26321
110.5	24932	27908	26309	26334
110.6	24947	27913	26322	26347
110.7	24958	27922	26334	26360
110.8	24977	27932	26343	26373
110.9	24994	27943	26355	26386
111	25008	27953	26373	26399
111.1	25019	27962	26389	26412
111.2	25027	27969	26399	26425
111.3	25045	27977	26413	26438
111.4	25056	27984	26427	26451
111.5	25066	27992	26441	26464
111.6	25081	28002	26452	26477
111.7	25097	28011	26468	26490
111.8	25108	28015	26479	26503
111.9	25118	28031	26492	26516
112	25130	28048	26507	26529
112.1	25142	28057	26515	26542
112.2	25153	28076	26529	26555
112.3	25160	28079	26541	26568
112.4	25165	28097	26551	26581
112.5	25172	28110	26566	26594
112.6	25186	28118	26579	26607
112.7	25212	28133	26592	26620
112.8	25221	28143	26607	26633
112.9	25229	28156	26621	26645
113	25237	28170	26638	26658
113.1	25250	28179	26654	26671
113.2	25259	28185	26666	26684
113.3	25272	28194	26680	26697
113.4	25286	28205	26692	26710
113.5	25292	28220	26707	26723
113.6	25297	28240	26720	26736
113.7	25300	28258	26734	26749
113.8	25310	28276	26745	26762
113.9	25316	28284	26758	26775
114	25322	28288	26772	26788
114.1	25330	28308	26785	26801
114.2	25341	28320	26800	26814
114.3	25351	28347	26816	26827
114.4	25366	28379	26832	26840
114.5	25371	28391	26842	26853
114.6	25381	28399	26853	26866
114.7	25389	28410	26867	26879
114.8	25393	28422	26881	26892
114.9	25396	28448	26897	26905
115	25403	28475	26910	26918
115.1	25420	28479	26919	26932
115.2	25441	28480	26933	26945
115.3	25456	28482	26948	26959
115.4	25468	28484	26961	26973
115.5	25493	28500	26975	26987
115.6	25511	28513	26990	27001
115.7	25521	28515	27005	27014
115.8	25538	28517	27015	27028
115.9	25556	28521	27023	27042
116	25569	28535	27038	27056
116.1	25580	28551	27054	27069
116.2	25593	28557	27073	27083
116.3	25614	28564	27092	27097
116.4	25625	28570	27107	27111
116.5	25639	28576	27123	27125
116.6	25664	28585	27139	27138
116.7	25670	28589	27155	27152
116.8	25680	28594	27170	27166
116.9	25707	28609	27184	27180
117	25718	28612	27202	27193
117.1	25732	28614	27214	27207
117.2	25743	28621	27230	27221
117.3	25753	28628	27241	27235
117.4	25763	28632	27255	27249
117.5	25774	28650	27270	27262
117.6	25784	28667	27286	27276
117.7	25801	28678	27303	27290
117.8	25811	28689	27317	27304
117.9	25820	28696	27339	27317
118	25830	28701	27356	27331
118.1	25841	28722	27367	27345
118.2	25847	28733	27380	27359
118.3	25857	28744	27397	27373
118.4	25866	28747	27415	27386
118.5	25874	28751	27432	27400
118.6	25883	28768	27443	27414
118.7	25892	28770	27454	27428
118.8	25901	28779	27469	27441
118.9	25910	28805	27487	27455
119	25920	28820	27496	27469
119.1	25929	28832	27514	27483
119.2	25938	28844	27536	27497
119.3	25945	28878	27549	27510
119.4	25949	28892	27563	27524
119.5	25952	28908	27577	27538
119.6	25958	28930	27595	27552
119.7	25964	28952	27610	27565
119.8	25972	28986	27627	27579
119.9	25979	29010	27641	27593
120	25985	29040	27653	27607
120.1	26017	29049	27665	27620
120.2	26036	29058	27678	27632
120.3	26054	29065	27692	27645
120.4	26075	29070	27700	27658
120.5	26096	29075	27714	27671
120.6	26107	29082	27729	27684
120.7	26122	29088	27740	27697
120.8	26150	29094	27756	27710
120.9	26180	29099	27771	27722
121	26193	29104	27784	27735
121.1	26204	29108	27797	27748
121.2	26218	29113	27807	27761
121.3	26227	29126	27821	27774
121.4	26244	29134	27830	27787
121.5	26257	29140	27841	27799
121.6	26273	29150	27854	27812
121.7	26283	29154	27866	27825
121.8	26288	29164	27880	27838
121.9	26296	29168	27893	27851
122	26314	29180	27906	27864
122.1	26335	29192	27922	27877
122.2	26351	29204	27936	27889
122.3	26367	29216	27948	27902
122.4	26384	29227	27962	27915
122.5	26396	29232	27977	27928
126.1	26980	29585	28449	28404
126.2	26992	29592	28462	28418
126.3	27030	29598	28474	28433
126.4	27060	29601	28492	28447
126.5	27074	29603	28506	28461
126.6	27112	29607	28524	28475
126.7	27118	29610	28539	28489
126.8	27138	29612	28553	28503
126.9	27150	29622	28566	28517
127	27167	29627	28582	28531
127.1	27186	29630	28597	28546
127.2	27216	29632	28610	28560
127.3	27231	29640	28625	28574
127.4	27250	29645	28637	28588
127.5	27274	29653	28653	28602
127.6	27298	29659	28669	28616
127.7	27307	29666	28685	28630
127.8	27330	29673	28700	28644
127.9	27344	29678	28715	28659
128	27363	29686	28726	28673
128.1	27374	29694	28742	28687
128.2	27396	29702	28756	28701
128.3	27420	29707	28770	28715
128.4	27432	29713	28786	28729
128.5	27449	29715	28802	28743
128.6	27468	29717	28813	28757
128.7	27487	29730	28829	28772
128.8	27505	29736	28844	28786
128.9	27516	29747	28863	28800
129	27522	29759	28876	28814
129.1	27538	29778	28888	28828
129.2	27551	29783	28903	28842
129.3	27564	29798	28917	28856
129.4	27585	29815	28931	28870
129.5	27593	29826	28944	28884
129.6	27601	29838	28955	28899
129.7	27611	29846	28969	28913
129.8	27618	29853	28986	28927
129.9	27625	29867	28998	28941
130	27642	29892	29014	28955
130.1	27677	29895	29025	28968
130.2	27712	29898	29036	28981
130.3	27744	29902	29047	28995
130.4	27782	29908	29057	29008
130.5	27816	29913	29070	29021
130.6	27848	29916	29083	29034
130.7	27881	29920	29095	29047
130.8	27918	29929	29108	29060
135.8	29054	30313	29703	29695
135.9	29072	30318	29711	29705
136	29091	30328	29721	29715
136.1	29110	30338	29731	29726
136.2	29126	30344	29741	29736
136.3	29140	30349	29749	29746
136.4	29158	30353	29760	29756
136.5	29174	30354	29769	29766
136.6	29192	30360	29780	29776
136.7	29207	30363	29790	29787
136.8	29224	30368	29799	29797
136.9	29238	30372	29809	29807
137	29252	30378	29820	29817
137.1	29273	30387	29832	29827
137.2	29288	30394	29842	29837
137.3	29298	30404	29852	29848
137.4	29311	30414	29864	29858
137.5	29319	30416	29874	29868
137.6	29329	30423	29883	29878
137.7	29341	30431	29897	29888
137.8	29350	30439	29906	29899
137.9	29361	30444	29917	29909
138	29372	30448	29927	29919
138.1	29383	30456	29939	29929
138.2	29391	30461	29948	29939
138.3	29402	30469	29955	29949
138.4	29415	30481	29966	29960
138.5	29420	30483	29975	29970
138.6	29425	30496	29985	29980
138.7	29429	30507	29995	29990
138.8	29436	30517	30003	30000
138.9	29442	30533	30013	30010
139	29448	30551	30022	30021
139.1	29459	30566	30031	30031
139.2	29470	30577	30042	30041
139.3	29481	30596	30054	30051
139.4	29491	30612	30065	30061
139.5	29497	30633	30072	30072
139.6	29507	30650	30080	30082
139.7	29513	30667	30088	30092
139.8	29517	30677	30096	30102
139.9	29527	30695	30104	30112
140	29532	30719	30114	30122
140.1	29547	30724	30121	30130
140.2	29558	30730	30130	30138
140.3	29571	30734	30137	30146
140.4	29587	30736	30145	30155
140.5	29599	30739	30154	30163
140.6	29611	30742	30164	30171
140.7	29626	30750	30172	30179
140.8	29636	30754	30181	30187
140.9	29649	30758	30188	30195
141	29658	30767	30198	30203
141.1	29668	30772	30205	30211
141.2	29678	30774	30214	30219
141.3	29689	30777	30223	30227
141.4	29698	30782	30230	30235
141.5	29708	30784	30238	30243
141.6	29715	30788	30246	30251
141.7	29724	30795	30253	30259
141.8	29732	30805	30262	30267
141.9	29742	30808	30272	30275
142	29748	30812	30280	30283
142.1	29757	30815	30288	30291
142.2	29760	30823	30296	30299
142.3	29767	30831	30304	30307
142.4	29782	30838	30313	30315
142.5	29788	30844	30319	30323
142.6	29798	30853	30328	30331
142.7	29804	30862	30336	30339
142.8	29806	30871	30345	30347
142.9	29811	30876	30354	30355
143	29817	30886	30362	30363
143.1	29826	30892	30371	30371
143.2	29833	30906	30379	30379
143.3	29838	30916	30388	30387
143.4	29839	30925	30396	30395
143.5	29844	30934	30403	30403
143.6	29847	30943	30411	30411
143.7	29852	30953	30419	30419
143.8	29866	30964	30428	30427
143.9	29878	30976	30435	30435
144	29890	30985	30443	30443
144.1	29891	30998	30451	30451
144.2	29892	31004	30459	30459
144.3	29894	31012	30467	30467
144.4	29899	31020	30475	30475
144.5	29906	31033	30482	30483
144.6	29912	31039	30489	30491
144.7	29922	31053	30497	30499
144.8	29927	31065	30505	30507
144.9	29933	31078	30512	30515
145	29940	31096	30521	30523
145.1	29947	31098	30528	30529
145.2	29958	31104	30533	30535
145.3	29970	31109	30539	30541
145.4	29978	31113	30545	30548
145.5	29984	31117	30552	30554
145.6	29995	31122	30558	30560
145.7	29999	31128	30563	30566
145.8	30002	31133	30569	30572
145.9	30014	31138	30575	30578
146	30022	31142	30582	30584
146.1	30029	31147	30588	30590
146.2	30037	31153	30593	30596
146.3	30041	31158	30599	30602
146.4	30049	31160	30605	30608
146.5	30052	31168	30612	30614
146.6	30058	31176	30618	30620
146.7	30066	31177	30623	30626
146.8	30071	31183	30628	30632
146.9	30078	31188	30633	30638
147	30090	31198	30638	30644
147.1	30096	31206	30644	30650
147.2	30100	31217	30650	30656
147.3	30112	31223	30654	30662
147.4	30119	31227	30661	30668
147.5	30123	31238	30667	30674
147.6	30128	31245	30673	30680
147.7	30134	31252	30680	30686
147.8	30141	31257	30689	30692
147.9	30148	31261	30695	30698
148	30153	31264	30703	30704
148.1	30158	31271	30709	30710
148.2	30162	31275	30714	30716
148.3	30168	31285	30722	30722
148.4	30173	31295	30728	30729
148.5	30180	31305	30732	30735
148.6	30185	31309	30739	30741
148.7	30191	31316	30746	30747
148.8	30193	31318	30752	30753
148.9	30197	31332	30758	30759
149	30200	31338	30764	30765
149.1	30204	31345	30770	30771
149.2	30208	31351	30776	30777
149.3	30211	31358	30781	30783
149.4	30215	31368	30788	30789
149.5	30219	31377	30794	30795
149.6	30222	31383	30799	30801
149.7	30226	31391	30807	30807
149.8	30230	31401	30813	30813
149.9	30235	31412	30821	30819
150	30240	31421	30828	30825
150.1	30247	31423	30832	30831
150.2	30255	31428	30838	30837
150.3	30262	31429	30844	30843
150.4	30270	31438	30850	30849
150.5	30281	31438	30857	30856
150.6	30290	31445	30861	30862
150.7	30295	31450	30866	30868
150.8	30308	31458	30872	30874
150.9	30318	31463	30878	30880
151	30326	31465	30885	30886
151.1	30333	31467	30892	30892
151.2	30344	31470	30898	30898
151.3	30347	31482	30903	30904
151.4	30355	31495	30907	30910
151.5	30363	31502	30913	30917
151.6	30369	31509	30916	30923
151.7	30377	31515	30923	30929
151.8	30381	31517	30930	30935
151.9	30384	31523	30938	30941
152	30390	31529	30945	30947
152.1	30395	31534	30950	30953
152.2	30401	31537	30957	30959
152.3	30405	31542	30962	30965
152.4	30410	31547	30967	30971
152.5	30415	31552	30973	30978
152.6	30419	31559	30978	30984
152.7	30430	31562	30984	30990
152.8	30434	31570	30990	30996
152.9	30436	31578	30995	31002
153	30444	31584	31001	31008
153.1	30447	31589	31008	31014
153.2	30454	31602	31014	31020
153.3	30462	31610	31023	31026
153.4	30468	31617	31031	31032
153.5	30470	31623	31037	31039
153.6	30474	31626	31044	31045
153.7	30478	31629	31049	31051
153.8	30482	31635	31056	31057
153.9	30485	31646	31062	31063
154	30489	31652	31068	31069
154.1	30493	31660	31076	31075
154.2	30497	31663	31083	31081
154.3	30501	31673	31090	31087
154.4	30505	31684	31097	31093
154.5	30509	31696	31103	31100
154.6	30513	31709	31110	31106
154.7	30521	31722	31117	31112
154.8	30523	31736	31124	31118
154.9	30530	31749	31132	31124
155	30536	31758	31139	31130
155.1	30546	31763	31143	31136
155.2	30557	31764	31149	31142
155.3	30567	31774	31154	31148
155.4	30576	31775	31159	31154
155.5	30587	31776	31164	31160
155.6	30597	31777	31169	31166
155.7	30608	31778	31174	31172
155.8	30617	31780	31179	31178
155.9	30631	31785	31184	31184
156	30644	31790	31190	31190
156.1	30650	31795	31196	31196
156.2	30661	31800	31201	31202
156.3	30674	31810	31206	31208
156.4	30686	31811	31212	31214
156.5	30698	31815	31217	31220
156.6	30711	31819	31222	31226
156.7	30722	31825	31226	31232
156.8	30732	31834	31232	31238
156.9	30743	31845	31238	31244
157	30751	31857	31244	31250
157.1	30765	31871	31249	31256
157.2	30773	31884	31254	31262
157.3	30778	31898	31260	31268
157.4	30785	31911	31264	31274
157.5	30793	31925	31269	31280
157.6	30799	31937	31277	31286
157.7	30805	31950	31281	31292
157.8	30813	31962	31289	31298
157.9	30817	31975	31293	31304
158	30826	31985	31298	31310
158.1	30835	31991	31304	31316
158.2	30841	31995	31310	31322
158.3	30846	32003	31315	31328
158.4	30852	32015	31321	31334
158.5	30858	32019	31329	31340
158.6	30864	32029	31335	31346
158.7	30871	32040	31340	31352
158.8	30877	32051	31346	31358
158.9	30885	32062	31352	31364
159	30896	32072	31360	31370
159.1	30900	32083	31365	31376
159.2	30906	32094	31372	31382
159.3	30910	32105	31377	31388
159.4	30916	32115	31385	31394
159.5	30925	32126	31390	31400
159.6	30929	32137	31397	31406
159.7	30933	32141	31403	31412
159.8	30935	32145	31408	31418
159.9	30938	32160	31414	31424
160	30943	32179	31420	31430
160.1	30963	32188	31427	31439
160.2	30983	32197	31434	31448
160.3	31002	32206	31439	31457
160.4	31025	32215	31447	31465
160.5	31045	32223	31452	31474
160.6	31065	32232	31459	31483
160.7	31090	32242	31465	31492
160.8	31107	32251	31472	31501
160.9	31124	32260	31479	31509
161	31143	32269	31486	31518
161.1	31161	32278	31494	31527
161.2	31181	32287	31501	31536
161.3	31197	32295	31507	31545
161.4	31215	32304	31514	31553
161.5	31230	32313	31522	31562
161.6	31249	32321	31528	31571
161.7	31267	32343	31537	31580
161.8	31277	32347	31545	31589
161.9	31290	32349	31552	31597
162	31302	32357	31561	31606
162.1	31313	32365	31568	31615
162.2	31322	32382	31576	31624
162.3	31335	32407	31586	31633
162.4	31346	32422	31595	31641
162.5	31354	32429	31604	31650
162.6	31369	32436	31612	31659
162.7	31376	32452	31621	31668
162.8	31383	32469	31629	31677
162.9	31387	32485	31639	31685
163	31392	32492	31648	31694
163.1	31399	32512	31656	31703
163.2	31405	32535	31663	31712
163.3	31411	32552	31671	31721
163.4	31414	32569	31680	31729
163.5	31419	32577	31688	31738
163.6	31430	32580	31696	31747
163.7	31435	32583	31704	31756
163.8	31437	32595	31712	31765
163.9	31440	32628	31720	31773
164	31442	32661	31729	31782
164.1	31445	32673	31737	31791
164.2	31448	32683	31745	31800
164.3	31450	32689	31752	31809
164.4	31456	32695	31760	31817
164.5	31460	32708	31766	31826
164.6	31462	32721	31774	31835
164.7	31464	32728	31782	31844
164.8	31469	32735	31789	31853
164.9	31470	32762	31797	31861
165	31472	32768	31805	31870
165.1	31492	32802	31824	31890
165.2	31505	32808	31843	31911
165.3	31518	32811	31862	31931
165.4	31531	32826	31884	31951
165.5	31548	32855	31904	31971
165.6	31564	32891	31922	31991
165.7	31571	32927	31941	32011
165.8	31580	32956	31961	32031
165.9	31589	32988	31980	32052
166	31599	33022	32000	32072
166.1	31611	33058	32018	32092
166.2	31619	33107	32036	32112
166.3	31626	33176	32054	32132
166.4	31632	33218	32074	32152
166.5	31638	33266	32093	32172
166.6	31642	33326	32111	32193
166.7	31650	33385	32129	32213
166.8	31657	33410	32146	32233
166.9	31661	33448	32163	32253
167	31665	33525	32179	32273
167.1	31670	33552	32195	32293
167.2	31671	33609	32211	32313
167.3	31677	33660	32226	32334
167.4	31681	33705	32242	32354
167.5	31685	33771	32262	32374
167.6	31690	33802	32278	32394
167.7	31693	33875	32295	32414
167.8	31696	33917	32311	32434
167.9	31701	33982	32329	32454
168	31705	34023	32348	32475
168.1	31711	34094	32369	32495
168.2	31713	34153	32387	32515
168.3	31717	34213	32406	32535
168.4	31722	34246	32424	32555
168.5	31726	34301	32441	32575
168.6	31732	34348	32456	32595
168.7	31737	34407	32472	32616
168.8	31738	34436	32487	32636
168.9	31741	34495	32505	32656
169	31747	34554	32521	32676
169.1	31751	34613	32537	32696
169.2	31753	34672	32551	32716
169.3	31756	34732	32568	32736
169.4	31758	34790	32585	32757
169.5	31760	34837	32601	32777
169.6	31762	34867	32618	32797
169.7	31765	34936	32633	32817
169.8	31768	34977	32649	32837
169.9	31774	35004	32663	32857
170	31780	35062	32678	32877
170.1	31801	35107	32701	32897
170.2	31824	35151	32721	32917
170.3	31836	35172	32745	32936
170.4	31843	35188	32763	32956
170.5	31852	35231	32783	32976
170.6	31858	35263	32803	32995
170.7	31876	35288	32820	33015
170.8	31899	35297	32842	33035
170.9	31905	35305	32864	33054
171	31918	35338	32889	33074
171.1	31932	35401	32905	33094
171.2	31943	35423	32927	33113
171.3	31948	35442	32949	33133
171.4	31958	35452	32968	33153
171.5	31968	35461	32987	33172
171.6	31970	35470	33006	33192
171.7	31973	35509	33022	33212
171.8	31978	35515	33041	33231
171.9	31982	35547	33059	33251
172	31994	35558	33081	33270
172.1	32001	35570	33106	33290
172.2	32006	35582	33126	33310
