
Boundary()	
OZX677 	31201.5	31005	31295.5	30894.5	
OZX676 	30840	30265	30985.5	29821	
OZX675 	28464	28106	28618.5	27948	
OZY422 	22363.5	21973.5	22512	21775	
OZY421 	23632	23342	23745.5	23134.5	
OZY420 	21550	21065	21791.5	20875.5	
OZX674 	18564.5	18389	18650	18304.5	
OZX673 	10117	9739	10153	9693.5	
OZY333 	7431	7329.5	7460	7312.5	
OZY418 	7999.5	7843.5	8152.5	7720	
OZY417 	4838	4620	4865	4521.5	
OZX672 	4248	4089.5	4405	3995	
OZY416 	2331.5	2155.5	2356	2048	
Boundary()	
U(-2,2)	1952.5	1948.5	1952.5	1948.5	
variable	1952.5	1948.5	1952.5	1948.5	
	
	
@variable	1951.64	1951.53	1951.64	1951.43	
@	31209	31004.5	31306	30891.5	
@OZX677 	31209	31004.5	31306	30891.5	
@OZX676 	30798.5	30181	30920.5	29755	
@OZX675 	28478.5	28123	28630.5	27962	
@OZY422 	23376.5	23080	23382.5	22983.5	
@OZY421 	23222.5	22991.5	23318.5	22919.5	
@OZY420 	21540	21058	21781	20864	
@OZX674 	18565.5	18390.5	18652	18305.5	
@OZX673 	10116.5	9738	10152.5	9692.5	
@OZY333 	7572.5	7567	7574.5	7562.5	
@OZY418 	7571.5	7565.5	7573.5	7562.5	
@OZY417 	4835	4586.5	4862.5	4451.5	
@OZX672 	4281.5	4090	4406	3998	
@OZY416 	2335	2157.5	2359.5	2016	
@	2335	2157.5	2359.5	2016	
@depthModel	31208.5	30989	31321.5	30835.5	
@depthModel	31210.5	30971.5	31334	30749.5	
@depthModel	31210	30952	31331.5	30663.5	
@depthModel	31211	30931	31327	30582	
@depthModel	31207	30905.5	31321	30527	
@depthModel	31206	30881	31315	30470	
@depthModel	31202	30854	31310	30419.5	
@depthModel	31200	30825	31302.5	30371.5	
@depthModel	31192.5	30795	31294.5	30334.5	
@depthModel	31184.5	30759	31286.5	30299	
@depthModel	31175	30733	31280.5	30265	
@depthModel	31167.5	30700	31274.5	30223.5	
@depthModel	31155	30666	31265	30195.5	
@depthModel	31144	30636	31256	30162.5	
@depthModel	31131.5	30607.5	31244.5	30125	
@depthModel	31119.5	30572.5	31236	30095	
@depthModel	31100	30541.5	31224	30067	
@depthModel	31084	30510	31213	30034.5	
@depthModel	31067	30483.5	31200	30013	
@depthModel	31050	30455	31187	29986	
@depthModel	31030	30428.5	31169.5	29960	
@depthModel	31006	30395.5	31157	29943.5	
@depthModel	30983.5	30363.5	31140	29914.5	
@depthModel	30965	30340	31128.5	29893.5	
@depthModel	30936	30313	31105.5	29875.5	
@depthModel	30914	30289.5	31085	29855	
@depthModel	30893.5	30272	31060	29832	
@depthModel	30870.5	30246.5	31035	29804.5	
@depthModel	30850.5	30230.5	31005	29795	
@depthModel	30833.5	30214.5	30977.5	29779.5	
@depthModel	30815.5	30200	30949.5	29767.5	
@depthModel	30795.5	30109	30966	29586.5	
@depthModel	30784.5	30038.5	30999	29218	
@depthModel	30770	29967	30977.5	28893	
@depthModel	30776	29905.5	30953	28517.5	
@depthModel	30776	29833	30924.5	28464.5	
@depthModel	30783	29762	30901.5	28438	
@depthModel	30790	29677	30878.5	28391.5	
@depthModel	30805.5	29578	30861.5	28333.5	
@depthModel	30792	28549	30835.5	28306	
@depthModel	30765.5	28421	30816	28275	
@depthModel	30730.5	28362	30790.5	28233.5	
@depthModel	30704.5	28293.5	30771.5	28199.5	
@depthModel	30666	28272	30751.5	28179.5	
@depthModel	30623.5	28234	30731	28151	
@depthModel	30590	28201.5	30710	28126	
@depthModel	30555	28168	30695.5	28101.5	
@depthModel	30487.5	28149.5	30659.5	28083.5	
@depthModel	30407	28128	30630.5	28068	
@depthModel	30309	28105.5	30590	28047	
@depthModel	30258	28075.5	30558	28029	
@depthModel	29922.5	28059.5	30515.5	28013.5	
@depthModel	29816	28035	30488	27994.5	
@depthModel	29177.5	28023	30440	27979.5	
@depthModel	29016	28009.5	30400	27960.5	
@depthModel	28886.5	28012.5	30313	27944.5	
@depthModel	28760.5	28020	30261	27928.5	
@depthModel	28677.5	28044	30122.5	27908.5	
@depthModel	28615	28066.5	29985	27890.5	
@depthModel	28578.5	28089.5	29751.5	27876	
@depthModel	28539.5	28103	29413.5	27854.5	
@depthModel	28510.5	28117.5	28854.5	27856.5	
@depthModel	28484	28082.5	28708	27678	
@depthModel	28495.5	28045	28715	27141	
@depthModel	28509	27990.5	28708	26773	
@depthModel	28525	27935	28703	26430.5	
@depthModel	28534	27858.5	28694	26197	
@depthModel	28544.5	27768.5	28684	25992	
@depthModel	28544	27653	28676	25791	
@depthModel	28542.5	27525	28670	25599	
@depthModel	28528.5	27410.5	28656	25461	
@depthModel	28518.5	27291.5	28644.5	25340	
@depthModel	28506	27165	28633	25191	
@depthModel	28497.5	27049.5	28621.5	25044.5	
@depthModel	28477.5	26919	28605.5	24972.5	
@depthModel	28466.5	26813	28596.5	24810	
@depthModel	28448.5	26675	28577.5	24712.5	
@depthModel	28436	26538.5	28562.5	24596	
@depthModel	28408	26417	28543.5	24509.5	
@depthModel	28383.5	26271.5	28527.5	24445	
@depthModel	28361	26163	28503	24318.5	
@depthModel	28337	25995	28483.5	24229	
@depthModel	28301.5	25884.5	28465	24152.5	
@depthModel	28274	25816	28438	24077	
@depthModel	28237.5	25699.5	28415	24006.5	
@depthModel	28208.5	25594	28393	23936	
@depthModel	28152.5	25446.5	28361	23879.5	
@depthModel	28093.5	25300.5	28327.5	23793.5	
@depthModel	28011.5	25174	28288	23750	
@depthModel	27928	24979	28251	23677	
@depthModel	27777	24812	28210.5	23604	
@depthModel	27633.5	24617	28152.5	23537	
@depthModel	27446	24388.5	28101.5	23474.5	
@depthModel	27271	24203	28045.5	23415.5	
@depthModel	27077.5	24033.5	27981	23365	
@depthModel	26891	23814.5	27929.5	23327	
@depthModel	26615.5	23694	27862.5	23286	
@depthModel	26473.5	23509	27807.5	23251.5	
@depthModel	26272.5	23413.5	27741.5	23216.5	
@depthModel	26110	23356	27665.5	23180	
@depthModel	26006.5	23321.5	27587	23146.5	
@depthModel	25891.5	23280	27530.5	23115.5	
@depthModel	25803	23255	27449.5	23100.5	
@depthModel	25662	23225	27362	23072.5	
@depthModel	25543	23193	27278	23057	
@depthModel	25392	23157.5	27209	23038	
@depthModel	25276	23134.5	27105	23023.5	
@depthModel	25145.5	23112	27044	23008.5	
@depthModel	25039.5	23092.5	26956.5	22997.5	
@depthModel	24896	23071.5	26858.5	22985	
@depthModel	24817.5	23059	26752	22977.5	
@depthModel	24681	23047.5	26633	22965.5	
@depthModel	24521.5	23033.5	26514.5	22958.5	
@depthModel	24425	23020	26423	22950.5	
@depthModel	24266.5	23011	26288	22945.5	
@depthModel	24162	23004	26167.5	22936	
@depthModel	24041	22996.5	26021.5	22930	
@depthModel	23914	22990	25869.5	22921.5	
@depthModel	23787	22987	25681.5	22917	
@depthModel	23666.5	22984.5	25491.5	22911	
@depthModel	23552	22985	25247.5	22903.5	
@depthModel	23450	22990	25019	22898.5	
@depthModel	23390.5	23014	24661.5	22896	
@depthModel	23381.5	23061.5	24267	22892	
@depthModel	23379	23081.5	23744	22895	
@depthModel	23375	23079.5	23382.5	22982	
@depthModel	23370	23079	23379.5	22976	
@depthModel	23364.5	23077	23378.5	22975.5	
@depthModel	23357.5	23077.5	23378	22975	
@depthModel	23351.5	23076.5	23377	22974	
@depthModel	23345.5	23076.5	23376	22973	
@depthModel	23340	23076.5	23375	22970	
@depthModel	23334.5	23074.5	23374	22966.5	
@depthModel	23330	23073	23371.5	22966.5	
@depthModel	23325	23068.5	23370	22964	
@depthModel	23320.5	23065.5	23368.5	22960.5	
@depthModel	23316	23061	23366	22960	
@depthModel	23311	23056.5	23365	22955.5	
@depthModel	23306	23052.5	23362	22955	
@depthModel	23301	23049	23360	22952.5	
@depthModel	23296	23044.5	23358.5	22950	
@depthModel	23291	23040.5	23355	22950	
@depthModel	23286.5	23036.5	23354.5	22945	
@depthModel	23281.5	23033.5	23350.5	22945	
@depthModel	23277	23029.5	23349.5	22941.5	
@depthModel	23274.5	23025.5	23346.5	22940.5	
@depthModel	23268	23022	23344.5	22938.5	
@depthModel	23263	23018.5	23342	22936.5	
@depthModel	23258.5	23015	23339.5	22934	
@depthModel	23253	23011	23336.5	22933	
@depthModel	23248.5	23008.5	23335	22930	
@depthModel	23245	23006.5	23331	22929.5	
@depthModel	23239.5	23001.5	23330	22926.5	
@depthModel	23234.5	22999	23327	22925	
@depthModel	23230	22995	23324	22923.5	
@depthModel	23225	22994.5	23321.5	22920.5	
@depthModel	23225	22969	23364.5	22701.5	
@depthModel	23236	22949.5	23364.5	22308.5	
@depthModel	23253	22923.5	23360.5	22070	
@depthModel	23273.5	22889.5	23355.5	21883	
@depthModel	23287.5	22819	23349	21755.5	
@depthModel	23292.5	22718	23342	21655.5	
@depthModel	23289	22616	23333.5	21567	
@depthModel	23285	22498.5	23325	21494	
@depthModel	23273	22393	23313.5	21445	
@depthModel	23262.5	22277	23303.5	21397	
@depthModel	23247.5	22183	23292.5	21356	
@depthModel	23234	22023	23280	21300	
@depthModel	23204.5	21709.5	23263.5	21262.5	
@depthModel	23180	21582	23250.5	21231	
@depthModel	23156	21472.5	23232.5	21194.5	
@depthModel	23134	21385	23219	21156	
@depthModel	23100.5	21334.5	23197	21135.5	
@depthModel	23068.5	21273.5	23174	21103	
@depthModel	23027.5	21225.5	23149.5	21078	
@depthModel	22987.5	21159	23126	21048.5	
@depthModel	22357	21115.5	23098	21024	
@depthModel	22242	21080.5	23070	21000	
@depthModel	22133	21059.5	23024	20967	
@depthModel	22030.5	21036	22990.5	20944	
@depthModel	21930	21030	22935	20915.5	
@depthModel	21841	21032.5	22853	20877	
@depthModel	21778.5	21041	22718	20844	
@depthModel	21710.5	21040.5	22620	20815	
@depthModel	21663	21044	22423	20789.5	
@depthModel	21613	21047	22193.5	20775	
@depthModel	21574.5	21049.5	21910	20798.5	
@depthModel	21546	21015	21890	20545	
@depthModel	21569	20978	21894.5	19762	
@depthModel	21587.5	20924.5	21874.5	19367.5	
@depthModel	21620	20866	21847	18525.5	
@depthModel	21653.5	20782	21822.5	18508.5	
@depthModel	21684.5	20662	21796	18493.5	
@depthModel	21707.5	20516	21776	18464	
@depthModel	21685	18504	21749	18445	
@depthModel	21652	18481	21712	18443.5	
@depthModel	21632	18458.5	21678.5	18431.5	
@depthModel	21607.5	18442.5	21643.5	18422	
@depthModel	21585.5	18423.5	21623	18404	
@depthModel	21550.5	18410.5	21588	18398.5	
@depthModel	21530	18397	21555.5	18384.5	
@depthModel	21499	18384	21534	18375.5	
@depthModel	21477	18369	21522.5	18360	
@depthModel	21434	18363	21476.5	18356	
@depthModel	21400	18357	21447.5	18348	
@depthModel	21366.5	18349.5	21420.5	18342.5	
@depthModel	21326	18339.5	21401	18331.5	
@depthModel	21281	18334	21349.5	18325	
@depthModel	21197	18324	21321	18314	
@depthModel	21122.5	18315	21290	18306	
@depthModel	21038	18304.5	21291.5	18294	
@depthModel	19225.5	18305	21187.5	18284.5	
@depthModel	19008.5	18306	21127.5	18269	
@depthModel	18831.5	18313	21048.5	18256	
@depthModel	18686.5	18329	21024	18236	
@depthModel	18639.5	18350	20405.5	18205.5	
@depthModel	18606	18367.5	19910.5	18182.5	
@depthModel	18587.5	18381	19179.5	18184	
@depthModel	18575.5	18363.5	18727	17592.5	
@depthModel	18591.5	18335	18731.5	16562.5	
@depthModel	18614.5	18279.5	18729	15762	
@depthModel	18633.5	18185	18726.5	15176	
@depthModel	18641.5	18022.5	18718.5	14681	
@depthModel	18644	17842	18715	14286.5	
@depthModel	18645	17649.5	18709	13922.5	
@depthModel	18647.5	17440	18705.5	13572.5	
@depthModel	18640	17207	18698.5	13338	
@depthModel	18636.5	16988.5	18691.5	13067	
@depthModel	18629.5	16702	18682.5	12842	
@depthModel	18626	16518	18677	12545.5	
@depthModel	18621	16303	18671	12357.5	
@depthModel	18616	16058.5	18666	12175	
@depthModel	18611.5	15862	18654	12025.5	
@depthModel	18607.5	15616	18649	11841	
@depthModel	18597	15415.5	18639	11690.5	
@depthModel	18589	15235	18629.5	11544	
@depthModel	18578	14994.5	18619	11458.5	
@depthModel	18571	14774.5	18611.5	11267	
@depthModel	18560	14588.5	18598	11200.5	
@depthModel	18549	14348.5	18590.5	11082	
@depthModel	18537	14128.5	18577	11007	
@depthModel	18531.5	14002	18565.5	10870	
@depthModel	18506.5	13782	18549.5	10807	
@depthModel	18493	13424	18534.5	10709.5	
@depthModel	18474.5	13333.5	18516	10622	
@depthModel	18452.5	12982.5	18500.5	10565	
@depthModel	18419	12851.5	18469.5	10416.5	
@depthModel	18380.5	12422	18441	10355	
@depthModel	18310	11922.5	18391.5	10207	
@depthModel	17557.5	10587.5	18309.5	10129.5	
@depthModel	16296	10142	18240.5	10060.5	
@depthModel	16045	10097.5	18071	9932	
@depthModel	15520.5	10014	17949.5	9886.5	
@depthModel	15390	9904.5	17857	9849	
@depthModel	15187.5	9886.5	17767.5	9823	
@depthModel	14922	9858	17651	9796.5	
@depthModel	14650.5	9835	17568.5	9782	
@depthModel	14567.5	9806.5	17519	9762	
@depthModel	14222	9798	17387.5	9751.5	
@depthModel	14130.5	9786	17305.5	9741	
@depthModel	13895.5	9775.5	17147	9726	
@depthModel	13675.5	9759.5	17098	9713.5	
@depthModel	13440	9751	16938.5	9708.5	
@depthModel	13213.5	9742	16824.5	9703	
@depthModel	12968	9733	16672	9696	
@depthModel	12732	9714	16560	9690	
@depthModel	12515.5	9711.5	16407.5	9686	
@depthModel	12344	9707	16112.5	9681	
@depthModel	12082	9703.5	16015	9673.5	
@depthModel	11841.5	9700.5	15819.5	9664.5	
@depthModel	11645	9698.5	15595.5	9657	
@depthModel	11396.5	9696	15362.5	9634.5	
@depthModel	11170.5	9693.5	15108	9626	
@depthModel	10907	9689.5	14826	9611.5	
@depthModel	10731	9690	14495	9607	
@depthModel	10525	9690	14078.5	9603.5	
@depthModel	10355.5	9693	13725	9600.5	
@depthModel	10189.5	9698	13245	9594	
@depthModel	10155	9709	12571.5	9591	
@depthModel	10145	9710.5	11787	9583	
@depthModel	10127	9734	10731	9595	
@depthModel	10117	9704	10177.5	9286	
@depthModel	10121	9695	10176.5	8712	
@depthModel	10124.5	9681.5	10173.5	8383	
@depthModel	10133.5	9657	10170	7572	
@depthModel	10141	9569	10164	7570.5	
@depthModel	10146	9441.5	10158.5	7569	
@depthModel	10145	7571.5	10155	7568	
@depthModel	10142.5	7567.5	10151.5	7566.5	
@depthModel	10133	7567.5	10145.5	7566.5	
@depthModel	10125	7567	10134.5	7566.5	
@depthModel	10117.5	7566.5	10124	7566	
@depthModel	10113.5	7566	10118	7565.5	
@depthModel	10105.5	7565.5	10110	7565.5	
@depthModel	10093.5	7565.5	10103	7565.5	
@depthModel	9940	7565	10078.5	7565	
@depthModel	9926	7562.5	9941.5	7562.5	
@depthModel	9910.5	7562.5	9921	7562.5	
@depthModel	9899.5	7562.5	9910	7562.5	
@depthModel	9877.5	7562.5	9898	7562.5	
@depthModel	9864.5	7562.5	9888.5	7562.5	
@depthModel	9819.5	7562.5	9860	7562.5	
@depthModel	9789	7562.5	9834.5	7562.5	
@depthModel	9738	7562.5	9817.5	7562.5	
@depthModel	8365	7562.5	9806	7562.5	
@depthModel	8217.5	7562.5	9756	7562.5	
@depthModel	8081.5	7562.5	9732	7562.5	
@depthModel	7930	7562.5	9678	7562.5	
@depthModel	7800.5	7562.5	9339.5	7562.5	
@depthModel	7696	7562.5	9146	7562.5	
@depthModel	7613	7562.5	8877.5	7562.5	
@depthModel	7577	7562.5	8321	7562.5	
@depthModel	7572.5	7567	7574.5	7562.5	
@depthModel	7572.5	7567	7574.5	7562.5	
@depthModel	7572.5	7566.5	7574.5	7562.5	
@depthModel	7572.5	7566.5	7574.5	7562.5	
@depthModel	7572.5	7566.5	7574.5	7562.5	
@depthModel	7572.5	7566.5	7574.5	7562.5	
@depthModel	7572.5	7566.5	7574.5	7562.5	
@depthModel	7572.5	7566.5	7574.5	7562.5	
@depthModel	7572.5	7566.5	7574.5	7562.5	
@depthModel	7572.5	7566.5	7574.5	7562.5	
@depthModel	7572.5	7566.5	7574	7562.5	
@depthModel	7572.5	7566.5	7574	7562.5	
@depthModel	7572.5	7566.5	7574	7562.5	
@depthModel	7572.5	7566.5	7574	7562.5	
@depthModel	7572.5	7566	7574	7562.5	
@depthModel	7572.5	7566	7574	7562.5	
@depthModel	7572.5	7566	7574	7562.5	
@depthModel	7572.5	7566	7574	7562.5	
@depthModel	7572.5	7566	7574	7562.5	
@depthModel	7572.5	7566	7574	7562.5	
@depthModel	7572	7566	7574	7562.5	
@depthModel	7572	7566	7574	7562.5	
@depthModel	7572	7566	7574	7562.5	
@depthModel	7572	7565.5	7574	7562.5	
@depthModel	7572	7565.5	7574	7562.5	
@depthModel	7572	7565.5	7574	7562.5	
@depthModel	7572	7565.5	7574	7562.5	
@depthModel	7572	7565.5	7574	7562.5	
@depthModel	7571.5	7565.5	7574	7562.5	
@depthModel	7571.5	7565.5	7573.5	7562.5	
@depthModel	7571.5	7565.5	7573.5	7562.5	
@depthModel	7573	7562	7577.5	6751	
@depthModel	7575	7534.5	7575	6054.5	
@depthModel	7575	7437.5	7575	5598	
@depthModel	7575	7304	7575	4852.5	
@depthModel	7575	7136.5	7575	4839	
@depthModel	7575	6949	7575	4805.5	
@depthModel	7575	6765.5	7575	4744	
@depthModel	7575	4821.5	7575	4712	
@depthModel	7575	4801.5	7575	4710.5	
@depthModel	7575	4734	7575	4691.5	
@depthModel	7575	4708.5	7575	4668	
@depthModel	7575	4667.5	7575	4650.5	
@depthModel	7574.5	4655	7574.5	4638.5	
@depthModel	7574.5	4632	7574.5	4622	
@depthModel	7574.5	4617.5	7574.5	4601	
@depthModel	7574.5	4591	7574.5	4582.5	
@depthModel	7574	4584	7574	4578	
@depthModel	7572.5	4577.5	7572.5	4569.5	
@depthModel	7572.5	4567	7572.5	4548	
@depthModel	7572.5	4542	7572.5	4534	
@depthModel	7572.5	4535	7572.5	4530.5	
@depthModel	7572.5	4530	7572.5	4526	
@depthModel	7569.5	4527	7572.5	4521.5	
@depthModel	7569	4523	7572.5	4450.5	
@depthModel	7566.5	4522.5	7569	4447	
@depthModel	5228	4522	7568	4443.5	
@depthModel	5068	4523.5	7566.5	4439	
@depthModel	4927.5	4526.5	7566.5	4431	
@depthModel	4866	4538	6528	4424.5	
@depthModel	4847.5	4579.5	6100.5	4422.5	
@depthModel	4841	4584.5	5392.5	4422	
@depthModel	4831	4580	4874.5	4352	
@depthModel	4834	4549	4864.5	4232	
@depthModel	4831.5	4528	4858.5	4196.5	
@depthModel	4838.5	4449.5	4853.5	4162.5	
@depthModel	4832.5	4435	4849	4146.5	
@depthModel	4820.5	4205.5	4841.5	4121	
@depthModel	4755.5	4170	4830	4109.5	
@depthModel	4735	4150	4825	4095.5	
@depthModel	4676	4113.5	4817.5	4090	
@depthModel	4656	4099	4814.5	4085	
@depthModel	4592	4091.5	4791.5	4010	
@depthModel	4413	4090	4747	4002.5	
@depthModel	4401.5	4091	4697.5	3996	
@depthModel	4380	4089	4631.5	3990.5	
@depthModel	4289.5	4091	4482	3984.5	
@depthModel	4347	4010.5	4419	2156.5	
@depthModel	4403.5	3984.5	4415.5	2101.5	
@depthModel	4400	2155	4410.5	2090	
@depthModel	4350	2098	4408.5	2043	
@depthModel	4286.5	2087	4399	2019.5	
@depthModel	4228.5	2063	4350	2010.5	
@depthModel	2359.5	2093	4282	2004	