depth	min	max	median	mean
0	1095	3961	2981	2857
0.1	1158	3962	3000	2880
0.2	1221	3966	3021	2902
0.3	1281	3972	3040	2925
0.4	1344	3977	3062	2948
0.5	1399	3982	3079	2970
0.6	1455	3987	3099	2993
0.7	1514	3992	3119	3016
0.8	1573	3996	3138	3038
0.9	1633	4000	3157	3061
1	1694	4002	3175	3084
1.1	1756	4005	3194	3106
1.2	1818	4008	3213	3129
1.3	1879	4011	3233	3152
1.4	1935	4014	3253	3175
1.5	1992	4016	3273	3197
1.6	2050	4018	3293	3220
1.7	2107	4020	3314	3243
1.8	2160	4023	3332	3265
1.9	2217	4025	3353	3288
2	2274	4028	3372	3311
2.1	2330	4035	3393	3333
2.2	2385	4041	3411	3356
2.3	2439	4044	3427	3379
2.4	2491	4046	3446	3401
2.5	2545	4054	3469	3424
2.6	2588	4058	3488	3447
2.7	2628	4061	3508	3469
2.8	2679	4063	3531	3492
2.9	2732	4069	3549	3515
3	2771	4074	3568	3538
3.1	2830	4079	3592	3560
3.2	2884	4085	3612	3583
3.3	2938	4091	3632	3606
3.4	2992	4099	3653	3628
3.5	3050	4105	3673	3651
3.6	3088	4110	3694	3674
3.7	3131	4120	3718	3696
3.8	3180	4127	3738	3719
3.9	3209	4136	3759	3742
4	3256	4147	3783	3764
4.1	3286	4159	3805	3787
4.2	3320	4171	3828	3810
4.3	3344	4182	3851	3833
4.4	3364	4198	3874	3855
4.5	3386	4213	3899	3878
4.6	3415	4229	3923	3901
4.7	3430	4245	3945	3923
4.8	3453	4264	3968	3946
4.9	3473	4291	3991	3969
5	3492	4312	4015	3991
5.1	3537	4319	4031	4011
5.2	3605	4325	4049	4030
5.3	3659	4331	4066	4050
5.4	3717	4338	4081	4069
5.5	3765	4346	4099	4088
5.6	3812	4355	4115	4108
5.7	3856	4366	4133	4127
5.8	3888	4378	4150	4147
5.9	3921	4391	4169	4166
7.8	4116	5252	4491	4535
7.9	4123	5310	4506	4555
8	4127	5372	4523	4574
8.1	4130	5430	4539	4593
8.2	4135	5489	4556	4613
8.3	4137	5550	4572	4632
8.4	4140	5612	4589	4652
8.5	4144	5674	4606	4671
8.6	4145	5730	4623	4691
8.7	4155	5783	4640	4710
8.8	4157	5844	4657	4729
8.9	4159	5904	4674	4749
9	4162	5962	4690	4768
9.1	4164	6019	4706	4788
9.2	4167	6078	4720	4807
9.3	4170	6136	4738	4827
9.4	4173	6194	4753	4846
9.5	4176	6253	4769	4865
9.6	4178	6313	4785	4885
9.7	4180	6372	4803	4904
9.8	4184	6434	4820	4924
9.9	4187	6493	4834	4943
10	4191	6550	4851	4963
10.1	4208	6573	4867	4977
10.2	4228	6589	4882	4992
10.3	4237	6605	4898	5006
10.4	4255	6622	4912	5021
10.5	4264	6629	4925	5035
10.6	4274	6638	4939	5050
10.7	4288	6657	4955	5065
10.8	4299	6678	4972	5079
10.9	4311	6694	4989	5094
11	4321	6704	5006	5108
11.1	4329	6711	5020	5123
11.2	4337	6720	5036	5137
11.3	4344	6730	5054	5152
11.4	4353	6738	5067	5167
11.5	4361	6744	5084	5181
11.6	4370	6749	5097	5196
11.7	4376	6761	5115	5210
11.8	4383	6772	5134	5225
11.9	4391	6775	5152	5239
12	4395	6786	5171	5254
12.1	4404	6798	5185	5269
12.2	4410	6803	5202	5283
12.3	4414	6807	5220	5298
12.4	4421	6820	5233	5312
12.5	4427	6834	5252	5327
12.6	4433	6848	5269	5341
12.7	4439	6859	5285	5356
12.8	4442	6871	5302	5371
12.9	4445	6886	5318	5385
13	4447	6900	5335	5400
13.1	4451	6921	5351	5414
13.2	4458	6941	5368	5429
13.3	4466	6952	5386	5443
13.4	4472	6961	5402	5458
13.5	4479	6978	5419	5473
13.6	4484	6986	5434	5487
13.7	4486	7006	5452	5502
13.8	4491	7030	5468	5516
13.9	4499	7042	5480	5531
14	4504	7065	5497	5545
14.1	4510	7080	5511	5560
14.2	4513	7086	5523	5574
14.3	4518	7112	5542	5589
14.4	4520	7129	5560	5604
14.5	4524	7134	5570	5618
14.6	4529	7156	5581	5633
14.7	4534	7175	5592	5647
14.8	4538	7195	5607	5662
14.9	4544	7219	5623	5676
15	4550	7236	5637	5691
15.1	4579	7240	5650	5706
15.2	4607	7249	5661	5722
15.3	4627	7254	5676	5737
15.4	4653	7260	5691	5752
15.5	4676	7270	5704	5767
15.6	4705	7286	5721	5783
15.7	4731	7299	5735	5798
15.8	4747	7311	5746	5813
15.9	4769	7319	5766	5828
16	4791	7324	5781	5843
16.1	4806	7329	5795	5859
16.2	4819	7333	5808	5874
16.3	4838	7349	5829	5889
16.4	4851	7361	5841	5904
16.5	4865	7383	5857	5920
16.6	4878	7388	5872	5935
16.7	4889	7394	5884	5950
16.8	4898	7403	5903	5965
16.9	4912	7407	5917	5981
17	4932	7432	5931	5996
17.1	4951	7447	5950	6011
17.2	4963	7464	5966	6026
17.3	4971	7480	5981	6042
17.4	4980	7494	5999	6057
17.5	4994	7506	6017	6072
17.6	5006	7514	6034	6087
17.7	5019	7519	6055	6103
17.8	5032	7527	6070	6118
17.9	5047	7549	6083	6133
18	5060	7564	6099	6148
18.1	5068	7579	6111	6164
18.2	5078	7592	6128	6179
18.3	5096	7612	6146	6194
18.4	5104	7626	6162	6209
21	5417	8061	6556	6599
21.1	5426	8073	6571	6614
21.2	5439	8084	6587	6628
21.3	5448	8091	6602	6643
21.4	5460	8102	6619	6658
21.5	5475	8115	6635	6672
21.6	5482	8128	6654	6687
21.7	5488	8136	6669	6701
21.8	5496	8138	6682	6716
21.9	5507	8145	6693	6730
22	5517	8150	6712	6745
22.1	5525	8169	6724	6760
22.2	5534	8188	6741	6774
22.3	5537	8200	6760	6789
22.4	5542	8218	6777	6803
22.5	5551	8237	6788	6818
22.6	5563	8247	6801	6833
22.7	5575	8259	6818	6847
22.8	5586	8275	6835	6862
22.9	5595	8282	6849	6876
23	5602	8295	6866	6891
23.1	5608	8311	6888	6906
23.2	5614	8321	6905	6920
23.3	5623	8332	6920	6935
23.4	5630	8348	6936	6949
23.5	5640	8370	6949	6964
23.6	5645	8400	6962	6979
23.7	5650	8424	6979	6993
23.8	5655	8445	6990	7008
23.9	5661	8453	7002	7022
24	5668	8470	7017	7037
24.1	5676	8488	7035	7052
24.2	5689	8499	7049	7066
24.3	5695	8519	7060	7081
24.4	5700	8532	7072	7095
24.5	5705	8555	7086	7110
24.6	5711	8573	7103	7125
24.7	5719	8590	7115	7139
24.8	5725	8601	7133	7154
24.9	5737	8620	7151	7168
25	5745	8630	7166	7183
25.1	5765	8639	7179	7196
25.2	5790	8645	7192	7210
25.3	5808	8649	7207	7223
25.4	5820	8654	7221	7237
25.5	5839	8658	7235	7250
25.6	5849	8663	7248	7264
25.7	5866	8667	7261	7277
25.8	5879	8671	7275	7291
25.9	5898	8676	7288	7304
26	5916	8684	7302	7318
26.1	5930	8688	7318	7331
26.2	5950	8699	7337	7345
26.3	5976	8708	7357	7358
26.4	5997	8712	7370	7372
26.5	6021	8722	7388	7385
26.6	6026	8732	7405	7399
26.7	6035	8743	7420	7412
26.8	6048	8752	7437	7426
26.9	6062	8762	7452	7439
27	6073	8770	7464	7453
27.1	6094	8772	7479	7466
27.2	6111	8778	7494	7479
27.3	6124	8786	7510	7493
27.4	6140	8795	7520	7506
27.5	6153	8802	7534	7520
27.6	6160	8812	7547	7533
27.7	6165	8820	7560	7547
27.8	6171	8832	7575	7560
27.9	6178	8840	7590	7574
28	6186	8850	7606	7587
28.1	6193	8860	7623	7601
28.2	6200	8867	7636	7614
28.3	6216	8871	7649	7628
28.4	6232	8877	7664	7641
28.5	6242	8883	7682	7655
28.6	6250	8886	7695	7668
28.7	6257	8893	7709	7682
28.8	6260	8904	7724	7695
28.9	6264	8910	7741	7709
29	6277	8926	7753	7722
29.1	6285	8936	7764	7736
29.2	6292	8948	7779	7749
29.3	6298	8966	7794	7762
29.4	6305	8985	7809	7776
29.5	6314	8998	7824	7789
29.6	6324	9008	7836	7803
29.7	6333	9032	7846	7816
29.8	6338	9056	7860	7830
29.9	6345	9071	7874	7843
30	6353	9084	7888	7857
30.1	6378	9086	7903	7871
30.2	6398	9091	7917	7885
30.3	6422	9098	7933	7899
30.4	6437	9103	7946	7913
30.5	6465	9109	7962	7927
30.6	6496	9116	7977	7941
30.7	6525	9123	7993	7955
30.8	6559	9128	8006	7969
30.9	6592	9134	8024	7983
31	6621	9141	8038	7997
31.1	6645	9145	8054	8011
31.2	6656	9152	8073	8025
31.3	6668	9159	8086	8039
31.4	6688	9166	8102	8053
31.5	6719	9171	8120	8067
31.6	6739	9185	8137	8081
31.7	6763	9193	8151	8095
31.8	6794	9201	8166	8109
31.9	6809	9210	8179	8123
32	6831	9213	8195	8137
32.1	6841	9219	8208	8151
32.2	6861	9224	8222	8165
32.3	6882	9229	8235	8179
32.4	6891	9233	8252	8193
32.5	6906	9239	8268	8207
32.6	6919	9247	8282	8220
32.7	6942	9254	8299	8234
32.8	6971	9262	8315	8248
32.9	6992	9269	8332	8262
33	7002	9273	8346	8276
33.1	7008	9277	8365	8290
33.2	7021	9286	8380	8304
33.3	7041	9294	8396	8318
33.4	7060	9305	8410	8332
33.5	7079	9311	8423	8346
33.6	7099	9319	8436	8360
33.7	7111	9329	8452	8374
33.8	7120	9336	8467	8388
33.9	7125	9345	8483	8402
34	7131	9357	8500	8416
34.1	7147	9371	8519	8430
34.2	7153	9384	8535	8444
34.3	7160	9394	8551	8458
34.4	7187	9402	8566	8472
34.5	7205	9415	8582	8486
34.6	7218	9423	8598	8500
34.7	7225	9435	8612	8514
34.8	7236	9450	8626	8528
34.9	7244	9463	8638	8542
35	7250	9478	8654	8556
35.1	7290	9482	8668	8571
35.2	7330	9486	8680	8586
35.3	7375	9493	8693	8602
35.4	7403	9494	8708	8617
35.5	7420	9497	8721	8632
35.6	7450	9501	8735	8647
35.7	7477	9506	8749	8662
35.8	7513	9508	8762	8677
35.9	7543	9511	8777	8692
36	7577	9514	8791	8707
36.1	7603	9518	8806	8723
36.2	7617	9523	8823	8738
36.3	7640	9526	8839	8753
36.4	7673	9535	8851	8768
36.5	7700	9540	8865	8783
36.6	7731	9542	8879	8798
36.7	7763	9550	8895	8813
36.8	7780	9558	8906	8828
36.9	7806	9560	8920	8843
37	7822	9564	8934	8859
37.1	7841	9569	8948	8874
37.2	7858	9575	8961	8889
37.3	7870	9580	8975	8904
37.4	7901	9589	8990	8919
37.5	7942	9596	9004	8934
37.6	7978	9603	9017	8949
37.7	8006	9610	9033	8964
37.8	8024	9612	9047	8980
37.9	8042	9615	9062	8995
38	8059	9619	9074	9010
38.1	8077	9623	9089	9025
38.2	8093	9627	9103	9040
38.3	8108	9637	9117	9055
38.4	8129	9644	9132	9070
38.5	8142	9655	9147	9085
38.6	8154	9661	9160	9100
38.7	8166	9669	9172	9116
38.8	8180	9679	9189	9131
38.9	8194	9688	9204	9146
39	8208	9694	9221	9161
39.1	8222	9707	9234	9176
39.2	8235	9722	9249	9191
39.3	8249	9729	9265	9206
39.4	8258	9739	9282	9221
39.5	8268	9750	9297	9237
39.6	8272	9772	9312	9252
39.7	8285	9780	9327	9267
39.8	8290	9794	9342	9282
39.9	8293	9813	9358	9297
40	8297	9833	9376	9312
40.1	8381	9841	9395	9338
40.2	8472	9851	9416	9364
40.3	8562	9865	9435	9389
40.4	8652	9869	9457	9415
40.5	8729	9876	9476	9441
40.6	8806	9883	9498	9466
40.7	8886	9896	9518	9492
40.8	8970	9906	9537	9518
40.9	9068	9928	9558	9543
41	9151	9943	9577	9569
41.1	9229	9954	9595	9595
41.2	9308	9973	9612	9621
41.3	9392	9989	9632	9646
41.4	9465	10003	9652	9672
41.5	9533	10018	9674	9698
41.6	9582	10032	9698	9723
41.7	9614	10051	9722	9749
41.8	9635	10098	9750	9775
41.9	9650	10130	9773	9801
42	9659	10174	9796	9826
42.1	9665	10233	9819	9852
42.2	9675	10297	9842	9878
42.3	9680	10367	9863	9903
42.4	9690	10441	9885	9929
42.5	9697	10523	9907	9955
42.6	9702	10609	9928	9981
42.7	9706	10676	9949	10006
42.8	9713	10757	9972	10032
42.9	9716	10839	9995	10058
43	9718	10923	10015	10083
43.1	9722	11011	10037	10109
43.2	9725	11101	10058	10135
43.3	9729	11189	10080	10160
43.4	9735	11274	10100	10186
43.5	9738	11366	10119	10212
43.6	9741	11449	10140	10238
43.7	9745	11530	10161	10263
43.8	9749	11610	10183	10289
43.9	9753	11691	10205	10315
44	9757	11772	10226	10340
44.1	9761	11853	10246	10366
44.2	9764	11934	10267	10392
44.3	9767	12015	10289	10418
44.4	9770	12096	10307	10443
44.5	9773	12177	10328	10469
44.6	9775	12258	10349	10495
44.7	9778	12338	10371	10520
44.8	9782	12419	10390	10546
44.9	9785	12501	10411	10572
45	9787	12587	10432	10598
45.1	9820	12631	10473	10634
45.2	9845	12680	10510	10671
45.3	9862	12729	10556	10708
45.4	9884	12776	10596	10744
45.5	9904	12805	10640	10781
45.6	9925	12832	10679	10818
45.7	9946	12880	10721	10854
45.8	9962	12936	10767	10891
45.9	9977	12967	10802	10928
46	9988	13017	10836	10964
46.1	10000	13057	10879	11001
46.2	10009	13103	10910	11038
46.3	10022	13152	10943	11074
46.4	10034	13201	10977	11111
46.5	10048	13240	11015	11148
46.6	10062	13267	11043	11184
46.7	10075	13274	11077	11221
46.8	10093	13292	11107	11258
46.9	10103	13316	11132	11294
47	10112	13362	11164	11331
47.1	10125	13391	11197	11368
47.2	10144	13449	11229	11404
47.3	10157	13513	11259	11441
47.4	10166	13582	11287	11478
47.5	10182	13651	11311	11514
47.6	10197	13746	11345	11551
47.7	10207	13824	11378	11588
47.8	10219	13890	11410	11624
47.9	10232	13967	11443	11661
48	10246	14035	11480	11698
48.1	10257	14116	11517	11734
48.2	10265	14178	11546	11771
48.3	10273	14247	11575	11808
48.4	10281	14324	11603	11844
48.5	10293	14410	11635	11881
48.6	10300	14492	11660	11918
48.7	10310	14574	11683	11954
48.8	10315	14652	11710	11991
48.9	10320	14748	11736	12028
49	10325	14828	11770	12064
49.1	10331	14922	11807	12101
49.2	10339	15029	11834	12138
49.3	10351	15138	11863	12174
49.4	10357	15252	11888	12211
49.5	10363	15369	11917	12248
49.6	10367	15485	11952	12284
49.7	10374	15601	11982	12321
49.8	10381	15712	12015	12358
49.9	10388	15812	12044	12394
50	10395	15913	12073	12431
50.1	10440	15923	12117	12470
50.2	10469	15949	12164	12509
50.3	10495	15963	12204	12548
50.4	10528	15978	12247	12587
50.5	10564	16004	12295	12625
50.6	10600	16027	12349	12664
50.7	10634	16039	12392	12703
50.8	10658	16062	12437	12742
50.9	10687	16078	12483	12781
51	10707	16085	12528	12820
51.1	10740	16115	12567	12859
51.2	10748	16147	12616	12897
51.3	10765	16161	12669	12936
51.4	10768	16181	12721	12975
51.5	10785	16205	12771	13014
51.6	10808	16222	12826	13053
51.7	10819	16244	12871	13092
51.8	10830	16264	12924	13131
51.9	10841	16272	12971	13170
52	10854	16296	13021	13208
52.1	10869	16314	13073	13247
52.2	10888	16333	13116	13286
52.3	10894	16351	13171	13325
52.4	10909	16380	13233	13364
52.5	10920	16404	13287	13403
52.6	10929	16436	13325	13442
52.7	10941	16456	13370	13480
52.8	10955	16491	13418	13519
52.9	10968	16519	13469	13558
53	10982	16553	13514	13597
53.1	10999	16571	13570	13636
53.2	11014	16608	13603	13675
53.3	11028	16629	13651	13714
53.4	11040	16651	13704	13752
53.5	11050	16687	13744	13791
53.6	11059	16722	13788	13830
53.7	11069	16752	13832	13869
53.8	11084	16796	13881	13908
53.9	11093	16827	13932	13947
54	11105	16868	13973	13986
54.1	11112	16914	14011	14025
54.2	11123	16949	14054	14063
54.3	11131	16994	14096	14102
54.4	11140	17017	14139	14141
54.5	11149	17050	14182	14180
54.6	11159	17088	14219	14219
54.7	11167	17124	14263	14258
54.8	11177	17177	14302	14297
54.9	11185	17208	14343	14335
55	11192	17254	14386	14374
55.1	11218	17266	14429	14415
55.2	11258	17279	14469	14456
55.3	11310	17289	14517	14497
55.4	11374	17302	14564	14538
55.5	11435	17314	14601	14579
55.6	11480	17324	14648	14620
55.7	11512	17334	14701	14661
55.8	11548	17352	14750	14702
55.9	11609	17374	14794	14743
56	11662	17396	14839	14784
56.1	11722	17418	14881	14825
56.2	11766	17435	14927	14866
56.3	11816	17450	14973	14906
56.4	11847	17466	15027	14947
56.5	11888	17476	15075	14988
56.6	11915	17484	15125	15029
56.7	11941	17499	15180	15070
56.8	11961	17523	15224	15111
56.9	11993	17537	15276	15152
57	12016	17555	15328	15193
57.1	12026	17573	15368	15234
57.2	12041	17593	15415	15275
57.3	12073	17612	15460	15316
57.4	12090	17632	15499	15357
57.5	12104	17651	15541	15398
57.6	12137	17672	15587	15439
57.7	12150	17691	15642	15480
57.8	12175	17703	15693	15521
57.9	12204	17720	15736	15561
58	12227	17743	15778	15602
58.1	12242	17768	15819	15643
58.2	12255	17790	15872	15684
58.3	12269	17814	15920	15725
58.4	12283	17834	15972	15766
58.5	12295	17853	16029	15807
58.6	12307	17879	16073	15848
58.7	12319	17906	16124	15889
58.8	12331	17929	16168	15930
58.9	12344	17948	16213	15971
59	12355	17972	16262	16012
59.1	12369	18000	16311	16053
59.2	12378	18036	16361	16094
59.3	12389	18055	16401	16135
59.4	12401	18089	16444	16175
59.5	12413	18125	16487	16216
59.6	12428	18162	16526	16257
59.7	12441	18203	16581	16298
59.8	12452	18231	16619	16339
59.9	12463	18272	16666	16380
60	12473	18313	16698	16421
60.1	12598	18318	16735	16463
60.2	12723	18325	16774	16504
60.3	12847	18331	16812	16546
60.4	12971	18335	16851	16588
60.5	13094	18339	16885	16630
60.6	13218	18343	16920	16671
60.7	13340	18350	16956	16713
60.8	13462	18356	16992	16755
60.9	13585	18363	17030	16796
61	13706	18373	17065	16838
61.1	13830	18379	17099	16880
61.2	13953	18383	17136	16922
61.3	14077	18391	17171	16963
61.4	14200	18399	17207	17005
61.5	14323	18404	17243	17047
61.6	14447	18413	17281	17088
61.7	14570	18422	17318	17130
61.8	14693	18426	17355	17172
61.9	14815	18429	17390	17213
62	14932	18437	17428	17255
62.1	15051	18445	17465	17297
62.2	15174	18451	17502	17339
62.3	15297	18457	17539	17380
62.4	15418	18465	17577	17422
62.5	15540	18474	17615	17464
62.6	15660	18483	17649	17505
62.7	15790	18493	17682	17547
62.8	15903	18502	17719	17589
62.9	16028	18512	17753	17631
63	16147	18521	17786	17672
63.1	16266	18530	17816	17714
63.2	16389	18536	17850	17756
63.3	16497	18541	17889	17797
63.4	16627	18552	17927	17839
63.5	16741	18562	17961	17881
63.6	16862	18575	17996	17922
63.7	16982	18585	18035	17964
63.8	17077	18596	18070	18006
63.9	17181	18608	18105	18048
64	17294	18620	18140	18089
64.1	17388	18636	18176	18131
64.2	17490	18652	18216	18173
64.3	17586	18667	18252	18214
64.4	17669	18680	18289	18256
64.5	17744	18697	18330	18298
64.6	17812	18716	18368	18340
64.7	17878	18739	18411	18381
64.8	17928	18768	18456	18423
64.9	17967	18804	18501	18465
65	18007	18844	18542	18506
65.1	18055	18849	18558	18524
65.2	18097	18853	18571	18542
65.3	18124	18857	18588	18560
65.4	18159	18865	18604	18578
65.5	18188	18875	18620	18596
65.6	18218	18886	18636	18613
65.7	18239	18897	18652	18631
65.8	18258	18910	18670	18649
65.9	18279	18926	18685	18667
66	18297	18943	18704	18685
66.1	18315	18955	18722	18703
66.2	18326	18977	18740	18721
66.3	18346	18997	18757	18738
66.4	18373	19022	18772	18756
66.5	18385	19047	18787	18774
66.6	18398	19088	18803	18792
66.7	18409	19131	18818	18810
66.8	18416	19178	18832	18828
66.9	18427	19230	18845	18845
67	18440	19285	18859	18863
67.1	18455	19332	18873	18881
67.2	18469	19383	18887	18899
67.3	18479	19433	18901	18917
67.4	18493	19485	18914	18935
67.5	18505	19537	18926	18953
67.6	18511	19589	18939	18970
67.7	18518	19639	18953	18988
67.8	18522	19690	18967	19006
67.9	18524	19742	18980	19024
68	18533	19799	18994	19042
68.1	18536	19852	19008	19060
68.2	18542	19909	19020	19078
68.3	18549	19961	19033	19095
68.4	18554	20012	19048	19113
68.5	18557	20065	19059	19131
68.6	18560	20122	19073	19149
68.7	18565	20174	19087	19167
68.8	18572	20226	19102	19185
68.9	18576	20280	19117	19202
69	18581	20335	19132	19220
69.1	18587	20389	19145	19238
69.2	18592	20445	19158	19256
69.3	18599	20501	19170	19274
69.4	18604	20554	19183	19292
69.5	18608	20607	19196	19310
69.6	18612	20658	19208	19327
69.7	18618	20708	19223	19345
69.8	18621	20767	19237	19363
69.9	18624	20820	19250	19381
70	18627	20873	19265	19399
70.1	18644	20896	19279	19415
70.2	18662	20906	19295	19430
70.3	18678	20916	19310	19446
70.4	18686	20937	19331	19462
71.9	18805	21133	19597	19697
72	18811	21151	19614	19713
72.1	18814	21156	19629	19729
72.2	18817	21189	19645	19745
72.3	18823	21207	19658	19760
72.4	18825	21229	19673	19776
72.5	18831	21249	19689	19792
72.6	18837	21295	19705	19807
72.7	18843	21313	19722	19823
72.8	18848	21342	19740	19839
72.9	18853	21368	19752	19855
73	18857	21408	19767	19870
73.1	18864	21435	19783	19886
73.2	18870	21473	19796	19902
73.3	18877	21509	19813	19917
73.4	18880	21546	19826	19933
73.5	18882	21565	19841	19949
73.6	18883	21599	19853	19965
73.7	18886	21637	19865	19980
73.8	18893	21672	19878	19996
73.9	18899	21715	19894	20012
74	18905	21731	19907	20027
74.1	18907	21760	19918	20043
74.2	18910	21809	19934	20059
74.3	18919	21837	19946	20075
74.4	18926	21869	19960	20090
74.5	18930	21928	19974	20106
74.6	18935	21976	19988	20122
74.7	18939	22005	20003	20137
74.8	18940	22050	20019	20153
74.9	18941	22095	20031	20169
75	18948	22145	20045	20185
75.1	18965	22170	20058	20200
75.2	18981	22182	20075	20216
75.3	18995	22198	20088	20232
75.4	19012	22227	20107	20248
75.5	19024	22243	20124	20263
75.6	19038	22246	20141	20279
75.7	19048	22249	20151	20295
75.8	19059	22252	20168	20311
75.9	19071	22261	20183	20327
76	19079	22274	20198	20342
76.1	19086	22280	20227	20358
76.2	19098	22294	20243	20374
76.3	19101	22307	20258	20390
76.4	19110	22321	20276	20405
76.5	19119	22337	20297	20421
76.6	19128	22356	20315	20437
76.7	19138	22373	20331	20453
76.8	19144	22390	20351	20469
76.9	19151	22406	20366	20484
77	19156	22426	20388	20500
77.1	19160	22429	20408	20516
77.2	19175	22438	20424	20532
77.3	19188	22455	20445	20547
77.4	19197	22476	20464	20563
77.5	19205	22500	20477	20579
77.6	19207	22524	20493	20595
77.7	19215	22559	20501	20611
77.8	19220	22585	20518	20626
77.9	19223	22621	20533	20642
78	19232	22638	20550	20658
78.1	19238	22655	20562	20674
78.2	19253	22689	20579	20689
78.3	19268	22713	20595	20705
78.4	19275	22722	20612	20721
78.5	19280	22742	20629	20737
78.6	19286	22768	20644	20753
78.7	19295	22788	20660	20768
78.8	19308	22812	20677	20784
78.9	19316	22843	20694	20800
79	19321	22877	20711	20816
79.1	19326	22888	20728	20831
79.2	19331	22912	20748	20847
79.3	19341	22935	20760	20863
79.4	19345	22960	20778	20879
79.5	19348	22985	20795	20895
79.6	19352	23003	20815	20910
79.7	19358	23027	20829	20926
79.8	19365	23049	20838	20942
79.9	19371	23089	20852	20958
80	19376	23116	20869	20973
80.1	19395	23130	20882	20989
80.2	19415	23143	20900	21004
80.3	19438	23153	20915	21019
80.4	19464	23167	20926	21034
80.5	19476	23175	20940	21050
80.6	19490	23181	20952	21065
80.7	19505	23196	20962	21080
80.8	19510	23210	20980	21095
80.9	19527	23219	20997	21111
81	19549	23224	21012	21126
81.1	19559	23242	21027	21141
81.2	19570	23262	21039	21156
81.3	19577	23273	21059	21171
81.4	19590	23280	21075	21187
81.5	19608	23303	21093	21202
81.6	19628	23328	21106	21217
81.7	19639	23351	21126	21232
81.8	19643	23376	21146	21248
81.9	19655	23391	21162	21263
82	19668	23399	21178	21278
82.1	19677	23410	21195	21293
82.2	19685	23419	21216	21309
82.3	19693	23432	21235	21324
82.4	19702	23448	21250	21339
82.5	19714	23468	21271	21354
82.6	19723	23487	21284	21370
82.7	19731	23507	21300	21385
82.8	19738	23526	21318	21400
82.9	19746	23540	21334	21415
83	19753	23559	21352	21430
83.1	19764	23568	21369	21446
83.2	19773	23594	21391	21461
83.3	19784	23599	21407	21476
83.4	19788	23626	21423	21491
83.5	19795	23650	21437	21507
83.6	19803	23674	21451	21522
83.7	19808	23686	21467	21537
83.8	19813	23708	21482	21552
83.9	19826	23726	21496	21568
84	19832	23739	21514	21583
84.1	19838	23756	21529	21598
84.2	19844	23768	21549	21613
84.3	19851	23791	21561	21629
84.4	19868	23804	21578	21644
84.5	19872	23837	21594	21659
84.6	19876	23865	21617	21674
84.7	19880	23884	21627	21689
84.8	19883	23903	21645	21705
84.9	19889	23941	21669	21720
85	19896	23991	21683	21735
85.1	19915	24001	21699	21751
85.2	19952	24014	21711	21767
85.3	19964	24033	21728	21783
85.4	19989	24051	21746	21799
85.5	20007	24066	21759	21814
85.6	20026	24080	21774	21830
85.7	20046	24087	21790	21846
85.8	20058	24089	21804	21862
85.9	20079	24093	21819	21878
86	20098	24105	21832	21894
86.1	20119	24120	21855	21910
86.2	20130	24135	21869	21925
86.3	20139	24159	21890	21941
86.4	20150	24170	21906	21957
86.5	20157	24190	21921	21973
86.6	20176	24209	21934	21989
86.7	20184	24225	21950	22005
86.8	20197	24245	21964	22021
86.9	20213	24263	21986	22036
87	20237	24277	22004	22052
87.1	20252	24287	22019	22068
87.2	20264	24299	22035	22084
87.3	20288	24311	22049	22100
87.4	20301	24323	22066	22116
87.5	20309	24339	22086	22132
87.6	20318	24358	22102	22147
87.7	20329	24376	22117	22163
87.8	20341	24392	22131	22179
87.9	20353	24402	22148	22195
88	20359	24419	22163	22211
88.1	20366	24441	22180	22227
88.2	20374	24467	22201	22243
88.3	20383	24487	22216	22258
88.4	20397	24511	22233	22274
88.5	20407	24532	22250	22290
88.6	20416	24558	22265	22306
88.7	20426	24584	22284	22322
88.8	20428	24605	22299	22338
88.9	20431	24622	22314	22354
89	20437	24656	22334	22369
89.1	20445	24669	22348	22385
89.2	20453	24678	22361	22401
89.3	20462	24695	22375	22417
89.4	20474	24708	22393	22433
89.5	20477	24720	22413	22449
89.6	20479	24736	22425	22465
89.7	20488	24747	22437	22480
89.8	20497	24765	22458	22496
89.9	20508	24783	22473	22512
90	20513	24802	22490	22528
90.1	20534	24813	22507	22543
90.2	20546	24827	22522	22558
90.3	20561	24845	22536	22573
90.4	20580	24867	22557	22588
90.5	20599	24888	22573	22603
90.6	20612	24901	22588	22618
90.7	20620	24920	22602	22633
90.8	20629	24931	22613	22648
90.9	20644	24938	22631	22662
91	20666	24950	22645	22677
91.1	20687	24961	22665	22692
91.2	20703	24973	22681	22707
91.3	20722	24984	22694	22722
91.4	20735	24997	22708	22737
91.5	20762	25014	22723	22752
91.6	20789	25027	22739	22767
91.7	20804	25039	22762	22782
91.8	20810	25052	22776	22797
91.9	20817	25065	22790	22812
92	20823	25070	22800	22827
92.1	20828	25073	22816	22842
92.2	20837	25081	22832	22857
92.3	20862	25100	22845	22872
92.4	20896	25121	22862	22887
92.5	20909	25141	22882	22901
92.6	20920	25164	22900	22916
92.7	20926	25178	22915	22931
92.8	20944	25200	22932	22946
92.9	20956	25220	22950	22961
93	20967	25244	22963	22976
93.1	20972	25264	22979	22991
93.2	20975	25280	22995	23006
93.3	20983	25305	23003	23021
93.4	20990	25325	23014	23036
93.5	20998	25339	23029	23051
93.6	21020	25361	23042	23066
93.7	21028	25378	23057	23081
93.8	21037	25387	23067	23096
93.9	21042	25397	23078	23111
94	21048	25411	23095	23126
94.1	21053	25415	23105	23140
94.2	21058	25456	23116	23155
94.3	21071	25480	23127	23170
94.4	21079	25495	23141	23185
94.5	21083	25516	23160	23200
94.6	21092	25537	23177	23215
94.7	21106	25561	23193	23230
94.8	21120	25587	23210	23245
94.9	21134	25613	23228	23260
95	21138	25641	23242	23275
95.1	21158	25654	23254	23290
95.2	21174	25668	23270	23305
95.3	21193	25689	23281	23320
95.4	21217	25695	23294	23335
95.5	21224	25698	23314	23350
95.6	21233	25711	23330	23366
95.7	21245	25724	23344	23381
95.8	21264	25740	23360	23396
95.9	21277	25755	23375	23411
96	21300	25768	23388	23426
96.1	21333	25773	23403	23441
96.2	21352	25777	23422	23456
96.3	21364	25781	23437	23471
96.4	21377	25786	23449	23486
96.5	21390	25794	23469	23501
96.6	21401	25815	23487	23517
96.7	21413	25842	23507	23532
96.8	21424	25859	23529	23547
96.9	21436	25865	23545	23562
97	21447	25873	23560	23577
97.1	21460	25886	23577	23592
97.2	21469	25891	23599	23607
97.3	21480	25896	23617	23622
97.4	21496	25906	23630	23637
97.5	21510	25925	23647	23653
97.6	21522	25946	23663	23668
97.7	21532	25964	23678	23683
97.8	21541	25973	23693	23698
97.9	21552	25981	23715	23713
98	21561	25989	23729	23728
98.1	21574	26007	23744	23743
98.2	21587	26018	23759	23758
98.3	21600	26027	23779	23773
98.4	21614	26046	23798	23788
98.5	21626	26059	23817	23804
98.6	21638	26071	23831	23819
98.7	21646	26089	23845	23834
98.8	21657	26106	23866	23849
98.9	21667	26116	23878	23864
99	21678	26136	23891	23879
99.1	21688	26155	23906	23894
99.2	21698	26165	23919	23909
99.3	21707	26174	23935	23924
99.4	21713	26194	23948	23940
99.5	21719	26223	23970	23955
99.6	21724	26231	23984	23970
99.7	21733	26248	24000	23985
99.8	21738	26259	24014	24000
99.9	21751	26273	24025	24015
100	21752	26284	24042	24030
100.1	21776	26288	24051	24045
100.2	21804	26294	24065	24060
100.3	21825	26310	24081	24075
100.4	21845	26323	24097	24090
100.5	21861	26337	24111	24105
100.6	21883	26355	24127	24120
100.7	21894	26369	24141	24135
100.8	21908	26385	24153	24150
100.9	21922	26400	24168	24165
101	21938	26412	24183	24180
101.1	21956	26424	24195	24195
101.2	21978	26445	24208	24210
101.3	21998	26449	24222	24225
101.4	22014	26452	24236	24239
101.5	22024	26459	24257	24254
101.6	22031	26469	24268	24269
101.7	22048	26493	24287	24284
101.8	22068	26506	24305	24299
101.9	22092	26524	24322	24314
102	22099	26528	24332	24329
102.1	22108	26531	24346	24344
102.2	22115	26546	24360	24359
102.3	22124	26570	24381	24374
102.4	22133	26591	24398	24389
102.5	22149	26605	24416	24404
102.6	22170	26619	24428	24419
102.7	22175	26628	24439	24434
102.8	22178	26640	24458	24449
102.9	22181	26666	24475	24464
103	22189	26686	24492	24479
103.1	22198	26692	24504	24494
103.2	22213	26699	24519	24509
103.3	22231	26705	24538	24524
103.4	22242	26715	24548	24539
103.5	22249	26731	24563	24554
103.6	22255	26741	24580	24568
103.7	22269	26761	24601	24583
103.8	22289	26766	24615	24598
103.9	22296	26780	24632	24613
104	22299	26787	24643	24628
104.1	22303	26800	24659	24643
104.2	22307	26830	24670	24658
104.3	22314	26837	24684	24673
104.4	22328	26867	24701	24688
104.5	22340	26899	24717	24703
104.6	22357	26929	24734	24718
104.7	22371	26941	24744	24733
104.8	22385	26962	24761	24748
104.9	22392	26994	24783	24763
105	22396	27028	24797	24778
105.1	22443	27033	24812	24793
105.2	22476	27038	24830	24808
105.3	22506	27043	24843	24823
105.4	22518	27052	24860	24839
105.5	22523	27060	24877	24854
105.6	22528	27074	24892	24869
105.7	22560	27085	24904	24884
105.8	22575	27091	24918	24899
105.9	22587	27098	24933	24914
106	22620	27107	24954	24930
106.1	22635	27121	24968	24945
106.2	22651	27134	24980	24960
106.3	22666	27145	24991	24975
106.4	22678	27157	25002	24990
106.5	22687	27162	25016	25005
106.6	22696	27166	25033	25021
106.7	22706	27170	25049	25036
106.8	22728	27176	25064	25051
106.9	22749	27186	25079	25066
107	22760	27198	25091	25081
107.1	22771	27209	25108	25097
107.2	22786	27222	25123	25112
107.3	22795	27238	25146	25127
107.4	22808	27251	25160	25142
107.5	22820	27263	25178	25157
107.6	22830	27268	25196	25172
107.7	22839	27273	25211	25188
107.8	22851	27283	25224	25203
107.9	22859	27293	25241	25218
108	22869	27308	25258	25233
108.1	22881	27329	25276	25248
108.2	22899	27339	25296	25263
108.3	22918	27348	25314	25279
108.4	22938	27355	25330	25294
108.5	22970	27376	25346	25309
108.6	22986	27388	25360	25324
108.7	22996	27397	25374	25339
108.8	23012	27406	25383	25355
108.9	23019	27415	25402	25370
109	23024	27446	25414	25385
109.1	23032	27458	25433	25400
109.2	23041	27478	25447	25415
109.3	23050	27504	25465	25430
109.4	23056	27518	25483	25446
109.5	23060	27538	25503	25461
109.6	23065	27546	25518	25476
109.7	23069	27560	25537	25491
109.8	23074	27581	25550	25506
109.9	23084	27601	25574	25521
110	23094	27624	25580	25537
110.1	23121	27632	25604	25554
110.2	23136	27640	25615	25570
110.3	23157	27649	25635	25587
110.4	23202	27656	25652	25604
110.5	23218	27661	25668	25621
110.6	23234	27675	25686	25638
110.7	23265	27687	25705	25655
110.8	23295	27699	25721	25672
110.9	23312	27709	25742	25688
111	23338	27723	25756	25705
111.1	23354	27737	25771	25722
111.2	23366	27750	25794	25739
111.3	23380	27764	25816	25756
111.4	23392	27775	25824	25773
111.5	23404	27789	25843	25790
111.6	23419	27800	25863	25807
111.7	23429	27812	25887	25823
111.8	23439	27825	25910	25840
111.9	23448	27835	25933	25857
112	23457	27848	25952	25874
112.1	23465	27867	25973	25891
112.2	23474	27881	25990	25908
112.3	23488	27899	26005	25925
112.4	23502	27913	26024	25942
112.5	23522	27925	26043	25958
112.6	23554	27938	26066	25975
112.7	23573	27954	26079	25992
112.8	23583	27968	26094	26009
112.9	23597	27982	26108	26026
113	23609	27999	26120	26043
113.1	23623	28016	26135	26060
113.2	23642	28032	26158	26077
113.3	23672	28049	26169	26093
113.4	23695	28065	26183	26110
113.5	23717	28082	26200	26127
113.6	23735	28103	26222	26144
113.7	23748	28119	26240	26161
113.8	23764	28137	26258	26178
113.9	23788	28151	26276	26195
114	23806	28168	26291	26212
114.1	23821	28182	26315	26228
114.2	23835	28197	26331	26245
114.3	23849	28222	26348	26262
114.4	23862	28234	26363	26279
114.5	23871	28252	26380	26296
114.6	23881	28272	26402	26313
114.7	23899	28293	26417	26330
114.8	23910	28309	26440	26347
114.9	23928	28330	26458	26363
115	23946	28344	26472	26380
115.1	23960	28349	26489	26396
115.2	23972	28356	26505	26412
115.3	23984	28366	26522	26428
115.4	23997	28375	26540	26444
115.5	24028	28385	26556	26460
115.6	24051	28395	26575	26476
115.7	24068	28405	26591	26491
115.8	24092	28413	26608	26507
115.9	24108	28423	26627	26523
116	24155	28425	26645	26539
116.1	24183	28428	26669	26555
116.2	24190	28444	26687	26571
116.3	24197	28450	26704	26587
116.4	24217	28460	26721	26603
116.5	24244	28478	26739	26618
116.6	24274	28484	26755	26634
116.7	24293	28488	26770	26650
116.8	24311	28491	26786	26666
116.9	24331	28495	26801	26682
117	24352	28511	26818	26698
117.1	24373	28524	26835	26714
117.2	24401	28528	26846	26730
117.3	24424	28534	26866	26745
117.4	24449	28547	26886	26761
117.5	24480	28549	26902	26777
117.6	24494	28561	26915	26793
117.7	24514	28574	26930	26809
117.8	24532	28581	26944	26825
117.9	24560	28599	26962	26841
118	24574	28618	26975	26857
118.1	24581	28620	26991	26872
118.2	24589	28625	27005	26888
118.3	24599	28638	27026	26904
118.4	24605	28654	27042	26920
118.5	24614	28669	27061	26936
118.6	24646	28680	27076	26952
118.7	24673	28698	27097	26968
118.8	24688	28714	27114	26984
118.9	24713	28735	27130	27000
119	24729	28749	27144	27015
119.1	24742	28757	27159	27031
119.2	24751	28766	27171	27047
119.3	24758	28789	27187	27063
119.4	24762	28811	27198	27079
119.5	24776	28830	27212	27095
119.6	24785	28851	27226	27111
119.7	24789	28854	27237	27127
119.8	24793	28867	27246	27142
119.9	24797	28895	27261	27158
120	24801	28907	27270	27174
120.1	24850	28913	27285	27191
120.2	24896	28924	27301	27207
120.3	24916	28928	27322	27223
120.4	24950	28932	27336	27240
120.5	24984	28945	27349	27256
120.6	25024	28955	27367	27272
120.7	25056	28962	27378	27289
120.8	25087	28970	27398	27305
120.9	25118	28976	27417	27322
121	25136	28981	27440	27338
121.1	25167	28988	27455	27354
121.2	25207	28999	27467	27371
121.3	25236	29011	27484	27387
121.4	25267	29022	27505	27403
121.5	25284	29026	27521	27420
121.6	25300	29028	27533	27436
121.7	25318	29032	27552	27453
121.8	25343	29040	27567	27469
121.9	25359	29046	27582	27485
122	25389	29048	27596	27502
122.1	25403	29058	27612	27518
122.2	25430	29065	27628	27534
122.3	25442	29075	27645	27551
122.4	25454	29086	27665	27567
122.5	25479	29092	27685	27584
126.1	26261	29479	28276	28166
126.2	26297	29484	28295	28182
126.3	26328	29489	28309	28198
126.4	26359	29495	28326	28213
126.5	26395	29500	28340	28229
126.6	26419	29505	28355	28245
126.7	26452	29511	28371	28261
126.8	26495	29518	28387	28276
126.9	26517	29523	28405	28292
127	26532	29532	28421	28308
127.1	26561	29535	28437	28323
127.2	26578	29539	28452	28339
127.3	26592	29552	28467	28355
127.4	26615	29559	28481	28371
127.5	26633	29564	28500	28386
127.6	26650	29571	28516	28402
127.7	26673	29581	28528	28418
127.8	26692	29591	28546	28434
127.9	26709	29601	28563	28449
128	26725	29608	28580	28465
128.1	26742	29618	28594	28481
128.2	26761	29624	28609	28497
128.3	26771	29630	28625	28512
128.4	26787	29642	28643	28528
128.5	26802	29656	28660	28544
128.6	26822	29664	28680	28560
128.7	26845	29675	28700	28575
128.8	26869	29684	28718	28591
128.9	26880	29694	28736	28607
129	26890	29705	28754	28622
129.1	26917	29726	28770	28638
129.2	26938	29735	28783	28654
129.3	26953	29749	28803	28670
129.4	26985	29764	28823	28685
129.5	27000	29778	28839	28701
129.6	27014	29790	28854	28717
129.7	27027	29805	28869	28733
129.8	27038	29820	28886	28748
129.9	27049	29842	28900	28764
130	27060	29856	28915	28780
130.1	27110	29863	28927	28796
130.2	27162	29870	28938	28812
130.3	27213	29877	28950	28827
130.4	27253	29884	28963	28843
130.5	27300	29891	28977	28859
130.6	27347	29895	28991	28875
130.7	27395	29901	29002	28891
130.8	27436	29906	29015	28907
135.8	29032	30296	29671	29662
135.9	29047	30304	29681	29673
136	29061	30309	29691	29683
136.1	29085	30316	29701	29694
136.2	29102	30323	29711	29705
136.3	29116	30328	29720	29716
136.4	29132	30338	29729	29727
136.5	29149	30345	29739	29738
136.6	29168	30353	29750	29749
136.7	29183	30360	29760	29759
136.8	29196	30365	29770	29770
136.9	29208	30371	29782	29781
137	29218	30377	29793	29792
137.1	29230	30386	29804	29803
137.2	29246	30395	29815	29814
137.3	29266	30400	29824	29825
137.4	29277	30409	29836	29836
137.5	29287	30415	29848	29846
137.6	29302	30423	29860	29857
137.7	29317	30429	29871	29868
137.8	29327	30439	29882	29879
137.9	29335	30446	29893	29890
138	29343	30451	29904	29901
138.1	29354	30457	29915	29912
138.2	29368	30466	29924	29923
138.3	29376	30474	29937	29933
138.4	29385	30488	29949	29944
138.5	29399	30502	29959	29955
138.6	29408	30520	29969	29966
138.7	29412	30540	29981	29977
138.8	29422	30554	29990	29988
138.9	29427	30571	30001	29999
139	29434	30579	30012	30010
139.1	29442	30589	30023	30020
139.2	29447	30602	30034	30031
139.3	29461	30616	30045	30042
139.4	29468	30632	30056	30053
139.5	29477	30648	30067	30064
139.6	29484	30659	30077	30075
139.7	29489	30674	30089	30086
139.8	29500	30699	30097	30097
139.9	29505	30713	30109	30107
140	29512	30733	30119	30118
140.1	29523	30738	30128	30126
140.2	29533	30748	30135	30134
140.3	29542	30756	30146	30142
140.4	29552	30759	30153	30150
140.5	29567	30763	30163	30158
140.6	29581	30766	30172	30166
140.7	29593	30768	30180	30174
140.8	29605	30772	30187	30182
140.9	29623	30774	30195	30190
141	29638	30776	30200	30198
141.1	29649	30781	30211	30206
141.2	29657	30787	30217	30214
141.3	29668	30795	30224	30222
141.4	29677	30800	30231	30230
141.5	29689	30802	30238	30238
141.6	29700	30808	30245	30246
141.7	29710	30813	30255	30253
141.8	29716	30818	30262	30261
141.9	29723	30820	30270	30269
142	29730	30822	30278	30277
142.1	29738	30829	30285	30285
142.2	29748	30839	30292	30293
142.3	29756	30847	30299	30301
142.4	29764	30852	30309	30309
142.5	29769	30856	30316	30317
142.6	29772	30861	30324	30325
142.7	29777	30865	30333	30333
142.8	29785	30871	30340	30341
142.9	29790	30879	30348	30349
143	29793	30883	30357	30357
143.1	29798	30889	30366	30365
143.2	29802	30897	30374	30373
143.3	29807	30906	30381	30381
143.4	29812	30917	30391	30389
143.5	29819	30925	30398	30397
143.6	29827	30933	30406	30405
143.7	29835	30943	30414	30413
143.8	29839	30953	30424	30420
143.9	29845	30963	30434	30428
144	29850	30972	30443	30436
144.1	29854	30984	30450	30444
144.2	29861	30995	30462	30452
144.3	29865	31000	30468	30460
144.4	29872	31013	30476	30468
144.5	29876	31026	30483	30476
144.6	29881	31035	30492	30484
144.7	29887	31046	30499	30492
144.8	29890	31058	30506	30500
144.9	29894	31075	30512	30508
145	29899	31086	30520	30516
145.1	29905	31090	30526	30522
145.2	29916	31092	30532	30529
145.3	29930	31096	30539	30535
145.4	29942	31099	30545	30542
145.5	29954	31106	30551	30549
145.6	29966	31111	30558	30555
145.7	29971	31113	30564	30562
145.8	29980	31122	30570	30568
145.9	29989	31124	30576	30575
146	29996	31127	30581	30581
146.1	30007	31130	30585	30588
146.2	30016	31135	30593	30594
146.3	30024	31137	30600	30601
146.4	30034	31143	30606	30607
146.5	30038	31147	30614	30614
146.6	30048	31155	30621	30620
146.7	30056	31158	30627	30627
146.8	30063	31161	30634	30633
146.9	30065	31166	30641	30640
147	30071	31172	30648	30647
147.1	30081	31180	30653	30653
147.2	30085	31184	30661	30660
147.3	30090	31196	30667	30666
147.4	30096	31211	30672	30673
147.5	30102	31224	30678	30679
147.6	30107	31233	30686	30686
147.7	30112	31242	30693	30692
147.8	30115	31251	30700	30699
147.9	30120	31260	30708	30705
148	30127	31269	30715	30712
148.1	30130	31278	30722	30718
148.2	30137	31284	30729	30725
148.3	30143	31292	30734	30731
148.4	30146	31300	30741	30738
148.5	30150	31307	30747	30744
148.6	30154	31315	30755	30751
148.7	30160	31319	30764	30758
148.8	30162	31329	30772	30764
148.9	30164	31337	30778	30771
149	30170	31346	30784	30777
149.1	30177	31355	30790	30784
149.2	30181	31364	30797	30790
149.3	30185	31373	30805	30797
149.4	30186	31384	30812	30803
149.5	30187	31390	30820	30810
149.6	30193	31394	30824	30816
149.7	30198	31408	30832	30823
149.8	30204	31417	30838	30829
149.9	30206	31423	30844	30836
150	30208	31433	30852	30842
150.1	30226	31441	30859	30848
150.2	30233	31443	30865	30854
150.3	30238	31460	30870	30860
150.4	30252	31462	30875	30866
150.5	30258	31464	30881	30872
150.6	30271	31473	30885	30878
150.7	30277	31476	30889	30883
150.8	30281	31478	30895	30889
150.9	30293	31486	30901	30895
151	30312	31493	30908	30901
151.1	30321	31503	30913	30907
151.2	30332	31508	30918	30913
151.3	30339	31512	30923	30918
151.4	30346	31521	30930	30924
151.5	30351	31523	30934	30930
151.6	30358	31531	30939	30936
151.7	30363	31540	30945	30942
151.8	30369	31546	30951	30948
151.9	30374	31549	30957	30954
152	30380	31554	30964	30959
152.1	30385	31555	30971	30965
152.2	30388	31557	30977	30971
152.3	30398	31563	30982	30977
152.4	30405	31572	30987	30983
152.5	30412	31572	30993	30989
152.6	30417	31574	30999	30995
152.7	30421	31580	31005	31000
152.8	30425	31585	31011	31006
152.9	30430	31598	31017	31012
153	30438	31604	31024	31018
153.1	30447	31610	31029	31024
153.2	30454	31611	31035	31030
153.3	30460	31613	31041	31035
153.4	30466	31615	31048	31041
153.5	30472	31621	31055	31047
153.6	30476	31631	31061	31053
153.7	30483	31641	31066	31059
153.8	30487	31649	31073	31065
153.9	30491	31658	31079	31071
154	30495	31670	31086	31076
154.1	30500	31679	31093	31082
154.2	30504	31691	31099	31088
154.3	30506	31703	31106	31094
154.4	30508	31713	31112	31100
154.5	30510	31725	31119	31106
154.6	30514	31733	31125	31112
154.7	30517	31744	31130	31117
154.8	30522	31753	31135	31123
154.9	30525	31761	31140	31129
155	30527	31773	31148	31135
155.1	30540	31774	31152	31141
155.2	30551	31781	31156	31146
155.3	30564	31790	31160	31152
155.4	30578	31791	31166	31158
155.5	30588	31792	31170	31164
155.6	30598	31795	31174	31170
155.7	30610	31800	31179	31175
155.8	30621	31806	31184	31181
155.9	30634	31809	31190	31187
156	30646	31814	31195	31193
156.1	30655	31822	31200	31199
156.2	30665	31824	31205	31204
156.3	30679	31826	31209	31210
156.4	30691	31829	31214	31216
156.5	30698	31835	31219	31222
156.6	30703	31839	31223	31227
156.7	30709	31843	31227	31233
156.8	30721	31846	31232	31239
156.9	30725	31850	31238	31245
157	30736	31858	31244	31251
157.1	30749	31860	31249	31256
157.2	30755	31862	31254	31262
157.3	30761	31864	31257	31268
157.4	30768	31868	31263	31274
157.5	30777	31881	31269	31280
157.6	30786	31892	31274	31285
157.7	30796	31907	31279	31291
157.8	30804	31916	31284	31297
157.9	30811	31920	31291	31303
158	30823	31927	31298	31309
158.1	30832	31932	31303	31314
158.2	30837	31935	31308	31320
158.3	30842	31938	31314	31326
158.4	30850	31948	31319	31332
158.5	30853	31963	31325	31337
158.6	30861	31972	31332	31343
158.7	30865	31986	31337	31349
158.8	30869	31996	31341	31355
158.9	30873	32010	31348	31361
159	30878	32025	31355	31366
159.1	30883	32034	31359	31372
159.2	30888	32041	31364	31378
159.3	30891	32044	31370	31384
159.4	30896	32047	31375	31390
159.5	30902	32049	31381	31395
159.6	30911	32052	31385	31401
159.7	30916	32054	31390	31407
159.8	30919	32058	31396	31413
159.9	30925	32065	31402	31418
160	30931	32078	31408	31424
160.1	30952	32088	31416	31433
160.2	30977	32104	31423	31442
160.3	30996	32115	31431	31451
160.4	31020	32122	31438	31460
160.5	31042	32130	31447	31469
160.6	31061	32138	31454	31478
160.7	31084	32146	31462	31487
160.8	31105	32153	31468	31496
160.9	31127	32161	31476	31505
161	31147	32168	31483	31514
161.1	31163	32176	31490	31523
161.2	31175	32183	31500	31532
161.3	31189	32187	31507	31541
161.4	31206	32202	31515	31550
161.5	31218	32213	31523	31559
161.6	31233	32225	31531	31568
161.7	31246	32231	31539	31577
161.8	31257	32244	31547	31586
161.9	31270	32258	31554	31595
162	31283	32278	31564	31604
162.1	31295	32306	31572	31613
162.2	31304	32323	31580	31622
162.3	31314	32336	31589	31631
162.4	31323	32348	31597	31640
162.5	31331	32361	31605	31649
162.6	31340	32374	31614	31658
162.7	31347	32392	31624	31667
162.8	31353	32403	31632	31676
162.9	31360	32411	31640	31685
163	31368	32419	31649	31694
163.1	31373	32427	31659	31702
163.2	31378	32435	31666	31711
163.3	31382	32449	31675	31720
163.4	31387	32456	31683	31729
163.5	31392	32465	31692	31738
163.6	31400	32484	31701	31747
163.7	31404	32511	31710	31756
163.8	31407	32527	31717	31765
163.9	31412	32537	31725	31774
164	31420	32546	31732	31783
164.1	31426	32554	31741	31792
164.2	31432	32563	31748	31801
164.3	31437	32569	31756	31810
164.4	31441	32579	31763	31819
164.5	31445	32602	31772	31828
164.6	31450	32625	31779	31837
164.7	31453	32642	31787	31846
164.8	31455	32657	31795	31855
164.9	31458	32679	31803	31864
165	31461	32700	31811	31873
165.1	31479	32717	31831	31893
165.2	31496	32736	31851	31913
165.3	31511	32763	31871	31933
165.4	31519	32783	31891	31953
165.5	31534	32804	31913	31973
165.6	31539	32824	31932	31993
165.7	31547	32840	31952	32013
165.8	31553	32886	31975	32032
165.9	31560	32921	31994	32052
166	31570	32956	32012	32072
166.1	31580	32998	32029	32092
166.2	31589	33051	32042	32112
166.3	31596	33106	32061	32132
166.4	31600	33131	32081	32152
166.5	31608	33193	32100	32172
166.6	31615	33258	32115	32192
166.7	31622	33289	32133	32212
166.8	31625	33322	32148	32232
166.9	31630	33373	32163	32252
167	31639	33434	32181	32272
167.1	31645	33472	32199	32292
167.2	31647	33518	32214	32311
167.3	31649	33556	32232	32331
167.4	31652	33615	32249	32351
167.5	31659	33660	32265	32371
167.6	31662	33722	32282	32391
167.7	31668	33768	32300	32411
167.8	31674	33831	32317	32431
167.9	31680	33889	32331	32451
168	31686	33941	32347	32471
168.1	31693	34006	32365	32491
168.2	31700	34063	32380	32511
168.3	31706	34127	32395	32531
168.4	31712	34191	32412	32551
168.5	31719	34256	32430	32571
168.6	31722	34317	32445	32590
168.7	31725	34369	32461	32610
168.8	31726	34433	32477	32630
168.9	31731	34500	32493	32650
169	31735	34554	32509	32670
169.1	31739	34621	32525	32690
169.2	31743	34686	32541	32710
169.3	31746	34717	32555	32730
169.4	31749	34772	32571	32750
169.5	31751	34833	32585	32770
169.6	31755	34894	32601	32790
169.7	31760	34945	32616	32810
169.8	31766	34997	32633	32830
169.9	31772	35064	32650	32850
170	31778	35127	32664	32870
170.1	31790	35145	32683	32889
170.2	31804	35171	32698	32909
170.3	31815	35218	32721	32929
170.4	31829	35231	32737	32948
170.5	31839	35239	32755	32968
170.6	31852	35253	32782	32988
170.7	31870	35267	32801	33008
170.8	31881	35294	32821	33027
170.9	31898	35311	32850	33047
171	31911	35355	32868	33067
171.1	31924	35376	32892	33087
171.2	31936	35414	32913	33106
171.3	31943	35440	32935	33126
171.4	31947	35448	32956	33146
171.5	31959	35458	32982	33165
171.6	31974	35471	33000	33185
171.7	31981	35484	33024	33205
171.8	31989	35492	33043	33225
171.9	31994	35534	33063	33244
172	32002	35583	33081	33264
172.1	32014	35632	33104	33284
172.2	32020	35675	33129	33304
