depth	min	max	median	mean
0	1434	4056	3120	3032
0.1	1489	4059	3138	3052
0.2	1543	4061	3158	3072
0.3	1596	4067	3175	3093
0.4	1651	4070	3191	3113
0.5	1705	4073	3209	3133
0.6	1759	4077	3227	3154
0.7	1812	4079	3243	3174
0.8	1866	4080	3262	3194
0.9	1920	4082	3280	3215
1	1974	4084	3299	3235
1.1	2028	4085	3316	3255
1.2	2083	4087	3336	3276
1.3	2137	4091	3354	3296
1.4	2191	4093	3371	3316
1.5	2245	4095	3386	3337
1.6	2299	4104	3403	3357
1.7	2353	4105	3418	3377
1.8	2407	4108	3437	3398
1.9	2459	4110	3455	3418
2	2510	4112	3474	3438
2.1	2559	4114	3493	3459
2.2	2608	4120	3515	3479
2.3	2654	4121	3531	3499
2.4	2701	4123	3549	3520
2.5	2746	4125	3565	3540
2.6	2800	4131	3583	3560
2.7	2846	4133	3601	3581
2.8	2895	4138	3621	3601
2.9	2941	4142	3639	3621
3	2989	4149	3660	3642
3.1	3037	4155	3680	3662
3.2	3083	4161	3697	3682
3.3	3129	4164	3713	3703
3.4	3179	4166	3733	3723
3.5	3222	4174	3751	3743
3.6	3263	4180	3773	3764
3.7	3309	4188	3792	3784
3.8	3360	4196	3812	3804
3.9	3405	4202	3831	3824
4	3446	4206	3853	3845
4.1	3476	4211	3873	3865
4.2	3516	4222	3895	3885
4.3	3556	4233	3916	3906
4.4	3589	4243	3935	3926
4.5	3618	4247	3955	3946
4.6	3644	4266	3974	3967
4.7	3678	4282	3995	3987
4.8	3694	4298	4015	4007
4.9	3707	4318	4037	4028
5	3720	4340	4060	4048
5.1	3753	4346	4072	4063
5.2	3783	4352	4084	4077
5.3	3812	4358	4097	4091
5.4	3836	4365	4110	4106
5.5	3859	4371	4123	4120
5.6	3881	4381	4134	4135
5.7	3906	4386	4148	4149
5.8	3923	4391	4164	4164
5.9	3946	4400	4178	4178
6	3970	4411	4193	4193
6.1	3988	4424	4206	4207
6.2	3998	4439	4221	4222
6.3	4012	4458	4235	4236
6.4	4019	4480	4250	4251
6.5	4028	4505	4262	4265
6.6	4033	4528	4276	4280
6.7	4041	4553	4290	4294
6.8	4048	4583	4304	4309
6.9	4058	4604	4317	4323
7	4064	4633	4330	4338
7.1	4071	4658	4343	4352
7.2	4075	4688	4356	4367
7.3	4079	4719	4369	4381
7.4	4093	4755	4380	4396
7.5	4098	4782	4392	4410
7.6	4102	4815	4404	4424
7.7	4108	4847	4416	4439
7.8	4111	4878	4430	4453
7.9	4115	4915	4443	4468
8	4121	4952	4455	4482
8.1	4124	4983	4466	4497
8.2	4127	5019	4478	4511
8.3	4129	5053	4489	4526
8.4	4132	5085	4501	4540
8.5	4136	5121	4513	4555
8.6	4140	5158	4525	4569
8.7	4143	5193	4538	4584
8.8	4147	5225	4548	4598
8.9	4151	5261	4561	4613
9	4153	5297	4572	4627
9.1	4157	5332	4585	4642
9.2	4160	5368	4595	4656
9.3	4164	5407	4607	4671
9.4	4167	5444	4621	4685
9.5	4173	5479	4635	4700
9.6	4177	5511	4648	4714
9.7	4178	5550	4660	4728
9.8	4180	5588	4673	4743
9.9	4183	5626	4685	4757
10	4185	5665	4699	4772
10.1	4203	5674	4715	4788
10.2	4218	5682	4734	4805
10.3	4232	5695	4750	4821
10.4	4251	5706	4768	4837
10.5	4263	5712	4788	4853
10.6	4279	5722	4808	4870
10.7	4288	5733	4825	4886
10.8	4298	5745	4842	4902
10.9	4310	5768	4858	4919
11	4320	5795	4876	4935
11.1	4334	5813	4894	4951
11.2	4342	5838	4913	4967
11.3	4349	5855	4935	4984
11.4	4352	5880	4951	5000
11.5	4356	5891	4967	5016
11.6	4366	5917	4986	5033
11.7	4373	5939	5002	5049
11.8	4384	5959	5018	5065
11.9	4389	5990	5038	5081
12	4394	6019	5056	5098
12.1	4399	6039	5075	5114
12.2	4405	6063	5092	5130
12.3	4409	6090	5107	5147
12.4	4414	6117	5119	5163
12.5	4419	6138	5136	5179
12.6	4423	6163	5157	5196
12.7	4429	6198	5176	5212
12.8	4434	6220	5192	5228
12.9	4440	6245	5211	5244
13	4447	6269	5223	5261
13.1	4453	6306	5240	5277
13.2	4459	6338	5255	5293
13.3	4464	6373	5272	5310
13.4	4466	6395	5287	5326
13.5	4468	6438	5301	5342
13.6	4473	6464	5315	5358
13.7	4479	6491	5332	5375
13.8	4485	6516	5348	5391
13.9	4488	6554	5363	5407
14	4497	6589	5377	5424
14.1	4501	6622	5390	5440
14.2	4503	6654	5406	5456
14.3	4508	6675	5422	5473
14.4	4512	6708	5436	5489
14.5	4514	6740	5452	5505
14.6	4516	6774	5464	5521
14.7	4517	6796	5480	5538
14.8	4520	6825	5495	5554
14.9	4523	6855	5511	5570
15	4527	6895	5526	5587
15.1	4552	6905	5544	5604
15.2	4577	6915	5558	5621
15.3	4599	6925	5575	5638
15.4	4618	6936	5593	5655
15.5	4637	6947	5611	5673
15.6	4648	6958	5636	5690
15.7	4662	6971	5655	5707
15.8	4671	6992	5671	5724
15.9	4685	7008	5691	5741
16	4703	7027	5708	5759
16.1	4716	7036	5729	5776
16.2	4739	7041	5749	5793
16.3	4747	7051	5769	5810
16.4	4755	7071	5790	5827
16.5	4772	7092	5806	5845
16.6	4784	7105	5822	5862
16.7	4789	7127	5839	5879
16.8	4795	7154	5857	5896
16.9	4800	7175	5880	5913
17	4820	7198	5901	5931
17.1	4827	7210	5920	5948
17.2	4832	7228	5946	5965
17.3	4836	7246	5966	5982
17.4	4839	7264	5981	5999
17.5	4849	7296	6002	6017
17.6	4860	7313	6018	6034
17.7	4869	7342	6040	6051
17.8	4880	7359	6060	6068
17.9	4886	7375	6075	6085
18	4889	7389	6091	6102
18.1	4897	7403	6108	6120
18.2	4908	7417	6126	6137
18.3	4914	7434	6142	6154
18.4	4919	7457	6160	6171
21	5197	8034	6604	6598
21.1	5208	8039	6616	6613
21.2	5219	8045	6630	6628
21.3	5232	8052	6646	6643
21.4	5240	8059	6663	6658
21.5	5255	8067	6678	6673
21.6	5274	8075	6696	6688
21.7	5291	8080	6709	6704
21.8	5305	8087	6725	6719
21.9	5326	8094	6738	6734
22	5336	8111	6754	6749
22.1	5356	8120	6773	6764
22.2	5372	8135	6792	6779
22.3	5392	8144	6810	6794
22.4	5412	8151	6823	6809
22.5	5420	8164	6841	6825
22.6	5425	8173	6853	6840
22.7	5437	8184	6872	6855
22.8	5450	8195	6888	6870
22.9	5457	8201	6905	6885
23	5465	8204	6918	6900
23.1	5472	8207	6930	6915
23.2	5479	8210	6946	6931
23.3	5494	8240	6962	6946
23.4	5508	8257	6981	6961
23.5	5517	8266	6994	6976
23.6	5523	8278	7009	6991
23.7	5537	8290	7027	7006
23.8	5547	8299	7041	7021
23.9	5557	8308	7062	7036
24	5565	8328	7078	7052
24.1	5575	8344	7095	7067
24.2	5585	8373	7108	7082
24.3	5594	8397	7119	7097
24.4	5603	8428	7137	7112
24.5	5612	8442	7154	7127
24.6	5621	8451	7167	7142
24.7	5630	8474	7178	7157
24.8	5638	8496	7188	7173
24.9	5646	8522	7205	7188
25	5651	8544	7218	7203
25.1	5666	8546	7230	7217
25.2	5697	8552	7243	7230
25.3	5733	8554	7254	7244
25.4	5751	8565	7266	7258
25.5	5780	8570	7277	7271
25.6	5790	8576	7289	7285
25.7	5821	8586	7300	7299
25.8	5866	8593	7311	7312
25.9	5905	8602	7323	7326
26	5928	8607	7338	7340
26.1	5965	8626	7351	7353
26.2	5984	8630	7364	7367
26.3	6013	8633	7379	7381
26.4	6051	8640	7393	7395
26.5	6070	8651	7410	7408
26.6	6086	8663	7426	7422
26.7	6103	8672	7439	7436
26.8	6106	8677	7454	7449
26.9	6117	8681	7468	7463
27	6137	8687	7480	7477
27.1	6151	8693	7489	7490
27.2	6161	8700	7505	7504
27.3	6179	8712	7521	7518
27.4	6210	8715	7542	7532
27.5	6235	8721	7558	7545
27.6	6246	8733	7571	7559
27.7	6257	8745	7586	7573
27.8	6272	8756	7602	7586
27.9	6274	8764	7618	7600
28	6282	8769	7637	7614
28.1	6295	8776	7649	7627
28.2	6301	8784	7662	7641
28.3	6327	8795	7676	7655
28.4	6332	8811	7692	7668
28.5	6342	8826	7708	7682
28.6	6355	8839	7722	7696
28.7	6377	8847	7739	7710
28.8	6396	8855	7754	7723
28.9	6407	8865	7763	7737
29	6417	8878	7777	7751
29.1	6434	8889	7797	7764
29.2	6449	8910	7811	7778
29.3	6466	8921	7827	7792
29.4	6497	8932	7840	7805
29.5	6502	8960	7855	7819
29.6	6509	8974	7867	7833
29.7	6517	8985	7882	7847
29.8	6532	9003	7899	7860
29.9	6538	9025	7915	7874
30	6541	9047	7929	7888
30.1	6562	9050	7943	7902
30.2	6587	9053	7956	7916
30.3	6617	9058	7968	7931
30.4	6637	9065	7980	7945
30.5	6662	9067	7993	7960
30.6	6683	9071	8006	7974
30.7	6718	9075	8018	7989
30.8	6738	9078	8030	8003
30.9	6769	9083	8043	8018
31	6780	9091	8056	8032
31.1	6808	9098	8069	8046
31.2	6843	9106	8081	8061
31.3	6868	9114	8094	8075
31.4	6887	9120	8107	8090
31.5	6915	9124	8121	8104
31.6	6928	9131	8135	8119
31.7	6939	9139	8148	8133
31.8	6968	9142	8165	8148
31.9	6999	9149	8177	8162
32	7031	9153	8193	8176
32.1	7050	9158	8206	8191
32.2	7059	9163	8222	8205
32.3	7073	9166	8236	8220
32.4	7085	9171	8250	8234
32.5	7122	9176	8268	8249
32.6	7137	9186	8283	8263
32.7	7152	9196	8302	8278
32.8	7164	9207	8315	8292
32.9	7174	9217	8333	8306
33	7180	9223	8353	8321
33.1	7198	9228	8368	8335
33.2	7206	9234	8382	8350
33.3	7225	9248	8398	8364
33.4	7237	9258	8415	8379
33.5	7250	9270	8431	8393
33.6	7258	9284	8446	8408
33.7	7275	9292	8462	8422
33.8	7289	9300	8477	8436
33.9	7307	9310	8491	8451
34	7313	9324	8508	8465
34.1	7319	9331	8524	8480
34.2	7324	9343	8539	8494
34.3	7332	9355	8551	8509
34.4	7346	9371	8566	8523
34.5	7354	9384	8578	8538
34.6	7358	9396	8592	8552
34.7	7365	9403	8609	8566
34.8	7375	9424	8626	8581
34.9	7389	9454	8637	8595
35	7405	9475	8649	8610
35.1	7442	9481	8663	8625
35.2	7478	9486	8678	8640
35.3	7515	9491	8689	8655
35.4	7557	9494	8705	8670
35.5	7594	9495	8720	8685
35.6	7638	9496	8733	8700
35.7	7675	9497	8745	8716
35.8	7709	9501	8759	8731
35.9	7744	9505	8773	8746
36	7780	9508	8786	8761
36.1	7814	9512	8799	8776
36.2	7849	9520	8816	8791
36.3	7884	9522	8832	8806
36.4	7917	9526	8847	8821
36.5	7954	9533	8861	8836
36.6	7979	9537	8875	8852
36.7	8010	9545	8892	8867
36.8	8034	9552	8909	8882
36.9	8063	9557	8925	8897
37	8094	9561	8940	8912
37.1	8127	9567	8955	8927
37.2	8150	9570	8972	8942
37.3	8177	9576	8988	8957
37.4	8203	9583	9005	8972
37.5	8235	9589	9021	8988
37.6	8253	9594	9037	9003
37.7	8272	9603	9055	9018
37.8	8290	9607	9072	9033
37.9	8309	9615	9087	9048
38	8322	9624	9102	9063
38.1	8344	9633	9120	9078
38.2	8361	9638	9136	9093
38.3	8381	9642	9154	9109
38.4	8393	9651	9169	9124
38.5	8413	9663	9184	9139
38.6	8429	9669	9201	9154
38.7	8448	9676	9216	9169
38.8	8465	9684	9234	9184
38.9	8486	9694	9252	9199
39	8496	9704	9267	9214
39.1	8505	9710	9282	9229
39.2	8522	9723	9297	9245
39.3	8537	9735	9313	9260
39.4	8551	9752	9330	9275
39.5	8564	9764	9345	9290
39.6	8586	9772	9362	9305
39.7	8596	9781	9374	9320
39.8	8601	9796	9389	9335
39.9	8613	9814	9402	9350
40	8626	9823	9417	9365
40.1	8691	9840	9435	9388
40.2	8753	9852	9454	9410
40.3	8818	9862	9473	9433
40.4	8878	9872	9491	9455
40.5	8942	9876	9510	9478
40.6	9009	9891	9528	9500
40.7	9076	9907	9545	9523
40.8	9142	9917	9562	9545
40.9	9204	9931	9579	9567
41	9267	9946	9593	9590
41.1	9325	9957	9608	9612
41.2	9383	9966	9624	9635
41.3	9441	9984	9640	9657
41.4	9498	10004	9656	9680
41.5	9549	10024	9676	9702
41.6	9590	10061	9694	9725
41.7	9616	10077	9717	9747
41.8	9632	10108	9740	9770
41.9	9645	10140	9763	9792
42	9655	10168	9784	9814
42.1	9663	10209	9805	9837
42.2	9667	10248	9827	9859
42.3	9673	10277	9846	9882
42.4	9676	10317	9866	9904
42.5	9679	10367	9886	9927
42.6	9684	10416	9903	9949
42.7	9688	10469	9923	9972
42.8	9691	10523	9943	9994
42.9	9694	10569	9964	10016
43	9697	10639	9984	10039
43.1	9699	10702	10005	10061
43.2	9702	10765	10023	10084
43.3	9705	10827	10041	10106
43.4	9708	10891	10058	10129
43.5	9711	10960	10077	10151
43.6	9714	11027	10095	10174
43.7	9718	11089	10113	10196
43.8	9721	11150	10133	10218
43.9	9724	11215	10152	10241
44	9726	11284	10170	10263
44.1	9728	11351	10188	10286
44.2	9731	11418	10207	10308
44.3	9734	11476	10225	10331
44.4	9737	11546	10242	10353
44.5	9740	11615	10261	10376
44.6	9742	11684	10281	10398
44.7	9745	11751	10299	10421
44.8	9748	11812	10317	10443
44.9	9750	11880	10336	10465
45	9753	11948	10354	10488
45.1	9793	11975	10388	10527
45.2	9824	12003	10437	10566
45.3	9847	12040	10478	10604
45.4	9869	12065	10528	10643
45.5	9886	12106	10575	10682
45.6	9897	12135	10622	10721
45.7	9915	12187	10658	10760
45.8	9933	12232	10697	10799
45.9	9950	12257	10729	10837
46	9956	12281	10766	10876
46.1	9965	12324	10808	10915
46.2	9977	12388	10848	10954
46.3	9982	12441	10882	10993
46.4	9995	12497	10915	11032
46.5	10005	12538	10949	11070
46.6	10022	12606	10990	11109
46.7	10035	12679	11031	11148
46.8	10043	12749	11067	11187
46.9	10053	12809	11103	11226
47	10067	12879	11130	11265
47.1	10075	12944	11168	11303
47.2	10081	13004	11205	11342
47.3	10086	13087	11236	11381
47.4	10094	13171	11267	11420
47.5	10103	13251	11300	11459
47.6	10112	13367	11329	11498
47.7	10128	13474	11367	11536
47.8	10139	13583	11399	11575
47.9	10146	13682	11427	11614
48	10149	13780	11460	11653
48.1	10155	13887	11496	11692
48.2	10161	14002	11536	11731
48.3	10169	14125	11572	11769
48.4	10175	14250	11608	11808
48.5	10181	14374	11645	11847
48.6	10186	14492	11679	11886
48.7	10192	14619	11716	11925
48.8	10197	14737	11747	11964
48.9	10202	14858	11780	12002
49	10207	14979	11818	12041
49.1	10213	15095	11847	12080
49.2	10218	15211	11881	12119
49.3	10226	15328	11917	12158
49.4	10230	15445	11953	12197
49.5	10236	15561	11990	12235
49.6	10246	15677	12025	12274
49.7	10253	15799	12060	12313
49.8	10260	15919	12097	12352
49.9	10265	16036	12132	12391
50	10271	16154	12168	12430
50.1	10324	16174	12216	12475
50.2	10364	16188	12266	12520
50.3	10434	16198	12314	12565
50.4	10487	16208	12354	12610
50.5	10545	16218	12400	12655
50.6	10578	16234	12444	12700
50.7	10609	16259	12493	12745
50.8	10641	16283	12551	12790
50.9	10668	16301	12602	12835
51	10693	16320	12647	12880
51.1	10706	16338	12692	12925
51.2	10716	16349	12757	12970
51.3	10740	16367	12817	13015
51.4	10752	16380	12875	13060
51.5	10772	16387	12939	13105
51.6	10785	16418	12998	13150
51.7	10801	16434	13043	13195
51.8	10815	16446	13098	13240
51.9	10829	16466	13149	13285
52	10841	16481	13205	13330
52.1	10864	16488	13260	13375
52.2	10890	16495	13310	13420
52.3	10908	16502	13366	13465
52.4	10917	16509	13421	13510
52.5	10922	16550	13474	13555
52.6	10926	16571	13533	13601
52.7	10937	16584	13591	13646
52.8	10943	16597	13634	13691
52.9	10952	16611	13683	13736
53	10964	16624	13738	13781
53.1	10974	16637	13788	13826
53.2	10985	16678	13838	13871
53.3	10999	16686	13890	13916
53.4	11013	16709	13949	13961
53.5	11026	16760	14009	14006
53.6	11039	16803	14063	14051
53.7	11052	16830	14125	14096
53.8	11064	16876	14180	14141
53.9	11077	16901	14220	14186
54	11089	16947	14266	14231
54.1	11100	16983	14321	14276
54.2	11114	17032	14370	14321
54.3	11127	17060	14433	14366
54.4	11137	17102	14486	14411
54.5	11141	17170	14533	14456
54.6	11150	17240	14573	14501
54.7	11163	17297	14628	14546
54.8	11181	17377	14679	14591
54.9	11199	17421	14737	14636
55	11207	17509	14777	14681
55.1	11273	17520	14820	14721
55.2	11330	17532	14858	14760
55.3	11408	17544	14901	14800
55.4	11485	17557	14928	14839
55.5	11556	17569	14961	14878
55.6	11625	17584	15002	14918
55.7	11695	17602	15041	14957
55.8	11773	17611	15087	14997
55.9	11860	17618	15130	15036
56	11940	17628	15171	15076
56.1	12019	17638	15213	15115
56.2	12086	17650	15256	15154
56.3	12156	17661	15311	15194
56.4	12234	17674	15358	15233
56.5	12306	17686	15394	15273
56.6	12383	17700	15442	15312
56.7	12461	17711	15483	15352
56.8	12534	17734	15519	15391
56.9	12609	17745	15567	15430
57	12671	17757	15618	15470
57.1	12714	17772	15668	15509
57.2	12764	17781	15711	15549
57.3	12826	17792	15751	15588
57.4	12878	17805	15798	15627
57.5	12945	17822	15843	15667
57.6	13008	17836	15891	15706
57.7	13055	17848	15944	15746
57.8	13103	17865	15993	15785
57.9	13171	17877	16037	15825
58	13221	17890	16081	15864
58.1	13280	17916	16122	15903
58.2	13326	17946	16169	15943
58.3	13370	17964	16219	15982
58.4	13408	17985	16264	16022
58.5	13458	18007	16310	16061
58.6	13501	18028	16356	16101
58.7	13539	18057	16406	16140
58.8	13576	18068	16452	16179
58.9	13632	18095	16489	16219
59	13685	18114	16532	16258
59.1	13721	18129	16577	16298
59.2	13748	18156	16620	16337
59.3	13774	18176	16674	16376
59.4	13809	18202	16717	16416
59.5	13835	18216	16757	16455
59.6	13885	18236	16784	16495
59.7	13921	18262	16817	16534
59.8	13948	18290	16853	16574
59.9	13979	18330	16885	16613
60	14007	18373	16919	16652
60.1	14096	18378	16949	16689
60.2	14185	18383	16982	16725
60.3	14276	18389	17015	16762
60.4	14366	18394	17047	16798
60.5	14453	18398	17078	16834
60.6	14543	18403	17108	16871
60.7	14633	18409	17141	16907
60.8	14722	18414	17173	16943
60.9	14810	18419	17206	16980
61	14895	18424	17233	17016
61.1	14974	18428	17265	17053
61.2	15060	18431	17295	17089
61.3	15145	18435	17327	17125
61.4	15238	18439	17358	17162
61.5	15330	18443	17388	17198
61.6	15421	18448	17418	17235
61.7	15512	18453	17447	17271
61.8	15592	18464	17477	17307
61.9	15683	18471	17503	17344
62	15771	18480	17532	17380
62.1	15857	18485	17563	17416
62.2	15942	18491	17593	17453
62.3	16028	18497	17623	17489
62.4	16115	18501	17654	17526
62.5	16200	18505	17685	17562
62.6	16288	18509	17713	17598
62.7	16373	18513	17746	17635
62.8	16452	18518	17776	17671
62.9	16539	18525	17808	17708
63	16621	18533	17837	17744
63.1	16693	18542	17868	17780
63.2	16778	18550	17900	17817
63.3	16861	18560	17932	17853
63.4	16938	18568	17965	17890
63.5	17014	18576	17997	17926
63.6	17091	18587	18027	17962
63.7	17181	18603	18054	17999
63.8	17262	18617	18086	18035
63.9	17338	18629	18116	18071
64	17417	18639	18146	18108
64.1	17488	18654	18177	18144
64.2	17554	18663	18206	18181
64.3	17632	18675	18240	18217
64.4	17688	18691	18273	18253
64.5	17749	18707	18308	18290
64.6	17800	18730	18346	18326
64.7	17852	18747	18385	18363
64.8	17884	18776	18418	18399
64.9	17944	18802	18454	18435
65	17979	18833	18496	18472
65.1	18031	18840	18514	18493
65.2	18071	18852	18533	18515
65.3	18120	18859	18553	18536
65.4	18156	18869	18573	18558
65.5	18192	18878	18594	18579
65.6	18226	18890	18613	18601
65.7	18264	18901	18635	18623
65.8	18294	18911	18656	18644
65.9	18321	18922	18678	18666
66	18348	18943	18701	18687
66.1	18368	18968	18724	18709
66.2	18387	18987	18744	18730
66.3	18408	19011	18763	18752
66.4	18427	19043	18784	18773
66.5	18445	19078	18804	18795
66.6	18460	19122	18824	18817
66.7	18476	19175	18841	18838
66.8	18490	19222	18861	18860
66.9	18501	19271	18879	18881
67	18515	19319	18895	18903
67.1	18525	19366	18915	18924
67.2	18535	19421	18933	18946
67.3	18544	19470	18952	18967
67.4	18553	19522	18970	18989
67.5	18563	19577	18992	19010
67.6	18573	19623	19011	19032
67.7	18580	19679	19031	19054
67.8	18584	19735	19048	19075
67.9	18588	19792	19066	19097
68	18595	19844	19082	19118
68.1	18601	19900	19101	19140
68.2	18606	19949	19121	19161
68.3	18615	20000	19138	19183
68.4	18621	20051	19156	19204
68.5	18623	20101	19176	19226
68.6	18625	20156	19195	19248
68.7	18631	20210	19214	19269
68.8	18634	20270	19233	19291
68.9	18638	20325	19251	19312
69	18644	20380	19273	19334
69.1	18649	20438	19292	19355
69.2	18651	20491	19310	19377
69.3	18653	20545	19331	19398
69.4	18655	20602	19350	19420
69.5	18658	20652	19369	19442
69.6	18662	20703	19390	19463
69.7	18664	20761	19409	19485
69.8	18666	20820	19427	19506
69.9	18668	20880	19446	19528
70	18676	20940	19462	19549
70.1	18702	20955	19486	19569
70.2	18717	20974	19503	19588
70.3	18735	20983	19524	19608
70.4	18751	20994	19542	19628
70.5	18762	21001	19559	19647
70.6	18777	21008	19576	19667
70.7	18789	21017	19597	19686
70.8	18802	21044	19619	19706
70.9	18815	21061	19646	19725
71	18828	21082	19663	19745
71.1	18842	21095	19686	19764
71.2	18851	21102	19708	19784
71.3	18859	21119	19726	19804
71.4	18870	21154	19748	19823
71.5	18879	21179	19770	19843
71.6	18889	21200	19790	19862
71.7	18899	21211	19814	19882
71.8	18909	21235	19835	19901
71.9	18916	21265	19857	19921
72	18920	21281	19883	19940
72.1	18929	21293	19905	19960
72.2	18939	21308	19927	19980
72.3	18948	21332	19945	19999
72.4	18960	21344	19974	20019
72.5	18967	21358	19992	20038
72.6	18970	21384	20009	20058
72.7	18978	21409	20033	20077
72.8	18985	21441	20054	20097
72.9	18993	21475	20077	20116
73	19001	21492	20098	20136
73.1	19009	21504	20122	20156
73.2	19017	21529	20141	20175
73.3	19021	21551	20155	20195
73.4	19027	21586	20171	20214
73.5	19035	21616	20188	20234
73.6	19041	21642	20211	20253
73.7	19047	21680	20224	20273
73.8	19056	21713	20247	20292
73.9	19065	21748	20268	20312
74	19072	21790	20296	20331
74.1	19080	21834	20314	20351
74.2	19090	21857	20332	20371
74.3	19097	21906	20346	20390
74.4	19106	21950	20367	20410
74.5	19112	21990	20390	20429
74.6	19117	22036	20410	20449
74.7	19122	22067	20428	20468
74.8	19129	22101	20446	20488
74.9	19134	22134	20465	20507
75	19138	22177	20483	20527
75.1	19161	22200	20509	20550
75.2	19188	22209	20533	20572
75.3	19214	22227	20555	20595
75.4	19236	22244	20577	20618
75.5	19269	22258	20596	20641
75.6	19303	22272	20618	20663
75.7	19330	22283	20636	20686
75.8	19355	22289	20657	20709
75.9	19380	22294	20682	20732
76	19395	22308	20708	20754
76.1	19408	22321	20732	20777
76.2	19423	22332	20752	20800
76.3	19432	22349	20774	20822
76.4	19447	22360	20799	20845
76.5	19468	22369	20826	20868
76.6	19489	22376	20854	20891
76.7	19505	22387	20873	20913
76.8	19525	22396	20896	20936
76.9	19544	22409	20919	20959
77	19563	22420	20949	20981
77.1	19579	22432	20969	21004
77.2	19597	22442	20999	21027
77.3	19617	22463	21023	21050
77.4	19630	22481	21052	21072
77.5	19641	22493	21077	21095
77.6	19644	22507	21109	21118
77.7	19670	22528	21138	21140
77.8	19678	22546	21159	21163
77.9	19686	22566	21180	21186
78	19689	22586	21207	21209
78.1	19692	22613	21235	21231
78.2	19697	22645	21264	21254
78.3	19710	22658	21287	21277
78.4	19715	22671	21314	21299
78.5	19728	22700	21335	21322
78.6	19742	22727	21360	21345
78.7	19752	22737	21386	21368
78.8	19768	22762	21411	21390
78.9	19771	22793	21439	21413
79	19774	22812	21460	21436
79.1	19780	22835	21482	21458
79.2	19785	22864	21504	21481
79.3	19794	22893	21529	21504
79.4	19800	22915	21550	21527
79.5	19805	22952	21577	21549
79.6	19809	22989	21600	21572
79.7	19814	23011	21626	21595
79.8	19821	23040	21652	21618
79.9	19834	23082	21676	21640
80	19842	23125	21705	21663
80.1	19880	23133	21720	21681
80.2	19917	23139	21737	21699
80.3	19960	23141	21752	21717
80.4	19980	23143	21769	21735
80.5	20024	23146	21793	21753
80.6	20059	23149	21812	21770
80.7	20081	23152	21828	21788
80.8	20104	23157	21850	21806
80.9	20140	23164	21868	21824
81	20163	23173	21888	21842
81.1	20199	23181	21906	21860
81.2	20220	23186	21925	21878
81.3	20240	23190	21946	21896
81.4	20256	23195	21968	21914
81.5	20272	23201	21989	21932
81.6	20283	23208	22011	21950
81.7	20301	23215	22032	21968
81.8	20316	23224	22055	21986
81.9	20356	23234	22073	22003
82	20377	23243	22091	22021
82.1	20402	23252	22115	22039
82.2	20413	23260	22135	22057
82.3	20421	23267	22161	22075
82.4	20441	23276	22181	22093
82.5	20463	23282	22202	22111
82.6	20484	23289	22222	22129
82.7	20504	23297	22248	22147
82.8	20513	23305	22270	22165
82.9	20527	23318	22288	22183
83	20532	23330	22312	22201
83.1	20538	23340	22334	22219
83.2	20554	23348	22358	22236
83.3	20567	23359	22379	22254
83.4	20575	23367	22399	22272
83.5	20582	23380	22424	22290
83.6	20583	23396	22449	22308
83.7	20590	23408	22471	22326
83.8	20601	23416	22490	22344
83.9	20615	23423	22512	22362
84	20631	23435	22529	22380
84.1	20646	23451	22552	22398
84.2	20654	23465	22571	22416
84.3	20671	23473	22590	22434
84.4	20678	23484	22611	22452
84.5	20679	23505	22630	22469
84.6	20688	23520	22648	22487
84.7	20697	23543	22667	22505
84.8	20705	23570	22688	22523
84.9	20718	23585	22712	22541
85	20724	23606	22732	22559
85.1	20778	23612	22745	22578
85.2	20832	23616	22762	22598
85.3	20887	23621	22778	22617
85.4	20940	23623	22792	22637
85.5	20995	23625	22806	22656
85.6	21049	23626	22822	22675
85.7	21105	23630	22836	22695
85.8	21159	23641	22850	22714
85.9	21213	23645	22863	22734
86	21271	23649	22876	22753
86.1	21330	23652	22890	22772
86.2	21383	23655	22906	22792
86.3	21431	23660	22920	22811
86.4	21484	23664	22934	22830
86.5	21527	23673	22948	22850
86.6	21583	23683	22966	22869
86.7	21634	23696	22982	22889
86.8	21683	23702	22998	22908
86.9	21742	23705	23014	22927
87	21801	23707	23030	22947
87.1	21849	23719	23047	22966
87.2	21896	23722	23062	22985
87.3	21943	23728	23078	23005
87.4	21993	23737	23093	23024
87.5	22042	23742	23107	23044
87.6	22091	23748	23121	23063
87.7	22146	23753	23136	23082
87.8	22207	23760	23153	23102
87.9	22261	23766	23168	23121
88	22313	23774	23185	23141
88.1	22368	23779	23201	23160
88.2	22396	23783	23220	23179
88.3	22430	23792	23236	23199
88.4	22468	23806	23255	23218
88.5	22509	23819	23271	23237
88.6	22547	23827	23289	23257
88.7	22596	23834	23304	23276
88.8	22632	23845	23325	23296
88.9	22672	23856	23342	23315
89	22701	23866	23359	23334
89.1	22730	23879	23382	23354
89.2	22750	23892	23398	23373
89.3	22769	23909	23416	23393
89.4	22792	23929	23435	23412
89.5	22817	23945	23453	23431
89.6	22831	23967	23476	23451
89.7	22847	23981	23497	23470
89.8	22867	23993	23515	23489
89.9	22881	24017	23537	23509
90	22895	24043	23553	23528
90.1	22942	24048	23568	23544
90.2	22982	24055	23583	23560
90.3	23018	24070	23595	23576
90.4	23055	24083	23610	23592
90.5	23088	24091	23627	23608
90.6	23116	24100	23643	23624
90.7	23148	24117	23656	23640
90.8	23175	24126	23671	23656
90.9	23201	24137	23686	23672
91	23225	24149	23704	23688
91.1	23253	24153	23719	23704
91.2	23273	24163	23735	23720
91.3	23296	24171	23751	23736
91.4	23314	24186	23767	23752
91.5	23328	24196	23784	23768
91.6	23343	24207	23797	23784
91.7	23359	24223	23813	23800
91.8	23369	24236	23826	23816
91.9	23380	24253	23840	23832
92	23388	24273	23854	23848
92.1	23400	24303	23868	23864
92.2	23413	24325	23881	23880
92.3	23421	24352	23897	23896
92.4	23431	24387	23911	23912
92.5	23440	24419	23928	23928
92.6	23447	24449	23942	23944
92.7	23454	24483	23956	23960
92.8	23465	24524	23970	23976
92.9	23468	24561	23980	23992
93	23478	24606	23996	24008
93.1	23484	24651	24007	24024
93.2	23490	24695	24020	24040
93.3	23497	24739	24034	24056
93.4	23503	24782	24046	24072
93.5	23509	24829	24057	24088
93.6	23516	24874	24072	24104
93.7	23525	24921	24085	24120
93.8	23533	24966	24098	24136
93.9	23541	25012	24110	24152
94	23548	25059	24123	24168
94.1	23550	25106	24133	24184
94.2	23553	25151	24147	24200
94.3	23560	25195	24162	24216
94.4	23568	25239	24176	24232
94.5	23576	25279	24192	24247
94.6	23585	25327	24203	24263
94.7	23594	25368	24217	24279
94.8	23600	25409	24231	24295
94.9	23606	25456	24244	24311
95	23612	25510	24257	24327
95.1	23618	25518	24268	24341
95.2	23631	25530	24284	24355
95.3	23642	25544	24301	24368
95.4	23651	25549	24315	24382
95.5	23662	25563	24326	24395
95.6	23673	25579	24340	24409
95.7	23688	25593	24355	24423
95.8	23702	25609	24369	24436
95.9	23712	25629	24382	24450
96	23721	25655	24397	24463
96.1	23732	25667	24414	24477
96.2	23740	25672	24428	24490
96.3	23748	25680	24444	24504
96.4	23755	25685	24458	24518
96.5	23763	25690	24473	24531
96.6	23770	25697	24487	24545
96.7	23777	25706	24506	24558
96.8	23785	25723	24522	24572
96.9	23792	25754	24535	24586
97	23800	25772	24547	24599
97.1	23807	25783	24560	24613
97.2	23813	25795	24575	24626
97.3	23820	25809	24591	24640
97.4	23829	25829	24605	24654
97.5	23841	25839	24617	24667
97.6	23844	25856	24631	24681
97.7	23848	25882	24642	24694
97.8	23855	25893	24655	24708
97.9	23865	25907	24667	24721
98	23872	25923	24677	24735
98.1	23880	25938	24688	24749
98.2	23882	25964	24700	24762
98.3	23884	25995	24718	24776
98.4	23889	26010	24732	24789
98.5	23893	26026	24742	24803
98.6	23897	26045	24751	24817
98.7	23900	26075	24762	24830
98.8	23908	26087	24774	24844
98.9	23909	26120	24786	24857
99	23914	26144	24798	24871
99.1	23920	26166	24811	24885
99.2	23924	26188	24823	24898
99.3	23929	26213	24838	24912
99.4	23933	26242	24850	24925
99.5	23941	26270	24863	24939
99.6	23945	26294	24875	24952
99.7	23951	26312	24887	24966
99.8	23957	26332	24899	24980
99.9	23963	26373	24912	24993
100	23968	26403	24925	25007
100.1	23981	26411	24940	25020
100.2	23996	26419	24949	25033
100.3	24013	26424	24963	25046
100.4	24034	26432	24975	25059
100.5	24044	26440	24987	25072
100.6	24064	26448	24999	25086
100.7	24074	26455	25009	25099
100.8	24089	26465	25023	25112
100.9	24100	26477	25040	25125
101	24110	26487	25056	25138
101.1	24121	26497	25064	25151
101.2	24131	26511	25078	25164
101.3	24133	26532	25093	25177
101.4	24143	26553	25109	25190
101.5	24150	26568	25126	25204
101.6	24156	26585	25142	25217
101.7	24163	26600	25154	25230
101.8	24168	26608	25168	25243
101.9	24179	26620	25181	25256
102	24187	26628	25192	25269
102.1	24196	26637	25210	25282
102.2	24204	26656	25224	25295
102.3	24211	26671	25240	25309
102.4	24216	26687	25255	25322
102.5	24221	26703	25265	25335
102.6	24225	26710	25280	25348
102.7	24233	26720	25297	25361
102.8	24238	26750	25311	25374
102.9	24243	26767	25325	25387
103	24252	26784	25342	25400
103.1	24256	26796	25350	25413
103.2	24267	26821	25363	25427
103.3	24271	26833	25379	25440
103.4	24280	26853	25396	25453
103.5	24285	26867	25407	25466
103.6	24291	26881	25419	25479
103.7	24299	26908	25437	25492
103.8	24302	26927	25454	25505
103.9	24307	26947	25468	25518
104	24310	26973	25481	25532
104.1	24313	26982	25504	25545
104.2	24319	27010	25516	25558
104.3	24324	27025	25530	25571
104.4	24330	27057	25543	25584
104.5	24339	27078	25552	25597
104.6	24343	27090	25565	25610
104.7	24350	27110	25576	25623
104.8	24356	27139	25591	25636
104.9	24363	27173	25606	25650
105	24368	27195	25623	25663
105.1	24385	27201	25632	25675
105.2	24399	27206	25644	25688
105.3	24421	27215	25655	25700
105.4	24434	27222	25663	25713
105.5	24444	27228	25675	25725
105.6	24460	27235	25689	25738
105.7	24479	27242	25699	25750
105.8	24486	27249	25711	25763
105.9	24491	27256	25724	25775
106	24499	27266	25734	25788
106.1	24509	27277	25744	25801
106.2	24522	27288	25758	25813
106.3	24526	27298	25770	25826
106.4	24533	27306	25779	25838
106.5	24546	27326	25794	25851
106.6	24553	27337	25809	25863
106.7	24564	27349	25824	25876
106.8	24575	27359	25839	25888
106.9	24585	27375	25849	25901
107	24595	27383	25864	25913
107.1	24606	27406	25878	25926
107.2	24613	27422	25893	25938
107.3	24618	27438	25906	25951
107.4	24622	27453	25922	25963
107.5	24627	27467	25934	25976
107.6	24634	27483	25953	25989
107.7	24640	27500	25972	26001
107.8	24648	27516	25986	26014
107.9	24656	27532	26000	26026
108	24661	27551	26017	26039
108.1	24665	27570	26029	26051
108.2	24670	27589	26040	26064
108.3	24674	27611	26051	26076
108.4	24679	27630	26061	26089
108.5	24693	27653	26069	26101
108.6	24700	27676	26081	26114
108.7	24704	27683	26099	26126
108.8	24707	27703	26111	26139
108.9	24713	27724	26122	26151
109	24721	27732	26138	26164
109.1	24732	27741	26151	26176
109.2	24741	27753	26163	26189
109.3	24746	27770	26179	26202
109.4	24755	27786	26192	26214
109.5	24763	27803	26208	26227
109.6	24770	27820	26221	26239
109.7	24777	27843	26236	26252
109.8	24784	27867	26247	26264
109.9	24790	27892	26262	26277
110	24797	27913	26275	26289
110.1	24821	27918	26289	26303
110.2	24846	27923	26300	26316
110.3	24867	27929	26316	26329
110.4	24889	27934	26328	26343
110.5	24915	27940	26340	26356
110.6	24931	27944	26354	26370
110.7	24956	27947	26374	26383
110.8	24968	27957	26386	26397
110.9	24983	27960	26400	26410
111	25005	27964	26410	26423
111.1	25033	27969	26420	26437
111.2	25042	27975	26429	26450
111.3	25054	27984	26444	26464
111.4	25076	27995	26460	26477
111.5	25099	27999	26477	26490
111.6	25115	28001	26499	26504
111.7	25122	28007	26514	26517
111.8	25126	28015	26530	26531
111.9	25132	28027	26542	26544
112	25142	28038	26556	26557
112.1	25148	28044	26572	26571
112.2	25155	28056	26587	26584
112.3	25162	28066	26603	26598
112.4	25170	28077	26621	26611
112.5	25180	28083	26636	26625
112.6	25192	28088	26651	26638
112.7	25201	28098	26666	26651
112.8	25219	28106	26682	26665
112.9	25233	28119	26696	26678
113	25238	28132	26712	26692
113.1	25256	28154	26728	26705
113.2	25262	28168	26740	26718
113.3	25266	28173	26757	26732
113.4	25279	28183	26769	26745
113.5	25287	28201	26787	26759
113.6	25298	28222	26805	26772
113.7	25304	28233	26817	26785
113.8	25311	28244	26834	26799
113.9	25325	28258	26846	26812
114	25334	28272	26858	26826
114.1	25345	28285	26870	26839
114.2	25350	28297	26881	26853
114.3	25353	28307	26893	26866
114.4	25362	28328	26907	26879
114.5	25372	28342	26922	26893
114.6	25380	28363	26936	26906
114.7	25385	28381	26955	26920
114.8	25389	28404	26965	26933
114.9	25396	28426	26976	26946
115	25404	28448	26994	26960
115.1	25424	28457	27007	26973
115.2	25442	28464	27019	26985
115.3	25464	28467	27035	26998
115.4	25478	28468	27049	27011
115.5	25489	28470	27065	27024
115.6	25509	28472	27076	27036
115.7	25525	28479	27093	27049
115.8	25536	28493	27103	27062
115.9	25545	28508	27117	27075
116	25554	28521	27130	27088
116.1	25571	28532	27142	27100
116.2	25582	28545	27154	27113
116.3	25595	28555	27169	27126
116.4	25605	28565	27182	27139
116.5	25608	28573	27195	27151
116.6	25624	28583	27204	27164
116.7	25643	28595	27220	27177
116.8	25662	28607	27231	27190
116.9	25684	28609	27242	27203
117	25690	28616	27253	27215
117.1	25704	28622	27265	27228
117.2	25719	28630	27277	27241
117.3	25726	28635	27291	27254
117.4	25736	28647	27302	27266
117.5	25748	28655	27316	27279
117.6	25753	28663	27334	27292
117.7	25770	28677	27344	27305
117.8	25781	28686	27363	27317
117.9	25794	28691	27379	27330
118	25808	28710	27390	27343
118.1	25821	28713	27402	27356
118.2	25829	28722	27413	27369
118.3	25842	28730	27428	27381
118.4	25854	28741	27441	27394
118.5	25864	28755	27453	27407
118.6	25882	28775	27467	27420
118.7	25898	28779	27483	27432
118.8	25904	28786	27494	27445
118.9	25912	28809	27508	27458
119	25919	28817	27516	27471
119.1	25929	28831	27527	27484
119.2	25935	28855	27541	27496
119.3	25940	28872	27552	27509
119.4	25951	28888	27563	27522
119.5	25959	28900	27572	27535
119.6	25965	28910	27586	27547
119.7	25971	28929	27598	27560
119.8	25979	28948	27609	27573
119.9	25989	28959	27623	27586
120	26006	28968	27639	27598
120.1	26034	28972	27651	27612
120.2	26064	28975	27661	27625
120.3	26093	28978	27673	27639
120.4	26124	28988	27686	27652
120.5	26140	28997	27702	27666
120.6	26173	29006	27720	27679
120.7	26201	29013	27732	27693
120.8	26214	29019	27743	27706
120.9	26239	29027	27756	27720
121	26254	29036	27767	27733
121.1	26279	29045	27783	27747
121.2	26305	29054	27796	27760
121.3	26306	29057	27807	27774
121.4	26326	29059	27819	27787
121.5	26342	29066	27831	27801
121.6	26356	29075	27845	27814
121.7	26364	29085	27857	27827
121.8	26378	29090	27870	27841
121.9	26389	29097	27884	27854
122	26400	29112	27897	27868
122.1	26418	29127	27907	27881
122.2	26429	29133	27922	27895
122.3	26443	29144	27937	27908
122.4	26459	29151	27952	27922
122.5	26471	29163	27966	27935
122.6	26483	29173	27980	27949
122.7	26496	29186	27993	27962
122.8	26508	29198	28010	27976
122.9	26518	29203	28022	27989
123	26523	29214	28033	28003
123.1	26542	29224	28050	28016
123.2	26554	29238	28062	28030
123.3	26566	29255	28081	28043
123.4	26578	29267	28094	28057
123.5	26589	29272	28111	28070
123.6	26603	29277	28122	28083
123.7	26610	29295	28141	28097
123.8	26615	29315	28160	28110
123.9	26623	29322	28177	28124
124	26627	29334	28194	28137
124.1	26632	29346	28212	28151
124.2	26636	29356	28225	28164
124.3	26647	29374	28239	28178
124.4	26658	29393	28255	28191
124.5	26661	29405	28268	28205
124.6	26662	29425	28280	28218
124.7	26664	29446	28296	28232
124.8	26669	29464	28303	28245
124.9	26680	29482	28319	28259
125	26692	29500	28331	28272
125.1	26718	29508	28344	28285
125.2	26743	29511	28360	28298
125.3	26784	29516	28372	28311
125.4	26823	29521	28384	28324
125.5	26847	29528	28397	28337
125.6	26863	29535	28408	28350
125.7	26873	29539	28423	28364
125.8	26886	29543	28439	28377
125.9	26900	29545	28451	28390
126	26929	29548	28464	28403
126.1	26950	29551	28478	28416
126.2	26971	29554	28492	28429
126.3	26996	29557	28505	28442
126.4	27009	29560	28517	28455
126.5	27031	29566	28534	28468
126.6	27047	29572	28546	28481
126.7	27088	29576	28558	28494
126.8	27103	29578	28569	28507
126.9	27136	29584	28580	28520
127	27154	29587	28591	28533
127.1	27166	29590	28602	28547
127.2	27189	29594	28615	28560
127.3	27205	29597	28624	28573
127.4	27220	29605	28641	28586
127.5	27236	29613	28654	28599
127.6	27246	29624	28662	28612
127.7	27261	29637	28674	28625
127.8	27281	29648	28688	28638
127.9	27311	29654	28700	28651
128	27351	29659	28711	28664
128.1	27361	29668	28725	28677
128.2	27371	29679	28736	28690
128.3	27377	29687	28751	28703
128.4	27383	29695	28766	28716
128.5	27407	29703	28780	28729
128.6	27423	29712	28795	28743
128.7	27431	29721	28807	28756
128.8	27444	29740	28822	28769
128.9	27450	29747	28835	28782
129	27456	29755	28847	28795
129.1	27461	29764	28859	28808
129.2	27472	29774	28875	28821
129.3	27485	29790	28889	28834
129.4	27493	29799	28901	28847
129.5	27500	29810	28916	28860
129.6	27507	29821	28929	28873
129.7	27515	29827	28942	28886
129.8	27522	29848	28955	28899
129.9	27544	29855	28970	28912
130	27563	29874	28981	28926
130.1	27602	29879	28993	28939
130.2	27640	29881	29005	28952
130.3	27673	29884	29019	28966
130.4	27701	29889	29029	28979
130.5	27738	29895	29043	28992
130.6	27783	29901	29052	29006
130.7	27804	29905	29063	29019
130.8	27840	29908	29071	29032
130.9	27884	29914	29083	29046
131	27904	29919	29095	29059
131.1	27923	29923	29106	29072
131.2	27961	29928	29119	29086
131.3	27992	29931	29134	29099
131.4	28019	29935	29146	29112
131.5	28063	29940	29158	29126
131.6	28089	29945	29170	29139
131.7	28124	29949	29184	29152
131.8	28153	29954	29195	29166
131.9	28180	29959	29210	29179
132	28216	29967	29222	29192
132.1	28245	29973	29234	29206
132.2	28269	29982	29245	29219
132.3	28291	29988	29258	29232
132.4	28305	29992	29271	29246
132.5	28343	29995	29284	29259
132.6	28366	30002	29296	29272
132.7	28398	30011	29307	29286
132.8	28429	30020	29322	29299
132.9	28461	30031	29338	29312
133	28475	30039	29351	29326
133.1	28489	30048	29363	29339
133.2	28526	30055	29375	29352
133.3	28547	30063	29388	29366
133.4	28562	30070	29401	29379
133.5	28573	30083	29414	29392
133.6	28597	30093	29428	29406
133.7	28621	30098	29442	29419
133.8	28646	30111	29454	29432
133.9	28665	30118	29466	29446
134	28673	30124	29479	29459
134.1	28693	30145	29493	29472
134.2	28715	30153	29508	29486
134.3	28728	30162	29521	29499
134.4	28745	30171	29534	29512
134.5	28758	30180	29547	29526
134.6	28776	30193	29559	29539
134.7	28797	30204	29574	29552
134.8	28808	30218	29587	29566
134.9	28820	30231	29599	29579
135	28827	30253	29610	29592
135.1	28854	30257	29622	29603
135.2	28878	30264	29631	29613
135.3	28903	30268	29639	29623
135.4	28922	30279	29648	29634
135.5	28934	30283	29659	29644
135.6	28958	30288	29668	29654
135.7	28983	30291	29680	29665
135.8	28996	30301	29689	29675
135.9	29019	30310	29701	29685
136	29034	30318	29712	29696
136.1	29054	30326	29719	29706
136.2	29076	30335	29729	29716
136.3	29093	30341	29740	29727
136.4	29104	30346	29752	29737
136.5	29125	30352	29764	29747
136.6	29139	30361	29773	29758
136.7	29153	30365	29783	29768
136.8	29168	30369	29794	29778
136.9	29184	30379	29802	29789
137	29202	30384	29811	29799
137.1	29222	30387	29822	29809
137.2	29234	30393	29830	29820
137.3	29250	30406	29841	29830
137.4	29266	30410	29852	29840
137.5	29278	30419	29862	29851
137.6	29293	30430	29872	29861
137.7	29311	30438	29880	29871
137.8	29328	30442	29892	29881
137.9	29341	30450	29902	29892
138	29354	30461	29912	29902
138.1	29362	30471	29921	29912
138.2	29372	30482	29931	29923
138.3	29382	30491	29940	29933
138.4	29402	30506	29950	29943
138.5	29413	30514	29960	29954
138.6	29425	30528	29968	29964
138.7	29436	30539	29979	29974
138.8	29448	30552	29986	29985
138.9	29457	30560	29997	29995
139	29466	30569	30008	30005
139.1	29474	30589	30018	30016
139.2	29481	30600	30029	30026
139.3	29483	30617	30038	30036
139.4	29491	30635	30047	30047
139.5	29495	30650	30055	30057
139.6	29501	30668	30064	30067
139.7	29505	30685	30073	30078
139.8	29517	30708	30084	30088
139.9	29520	30721	30093	30098
140	29524	30741	30103	30109
140.1	29540	30744	30110	30117
140.2	29549	30746	30118	30125
140.3	29554	30752	30126	30134
140.4	29566	30753	30133	30142
140.5	29578	30759	30141	30150
140.6	29586	30764	30152	30159
140.7	29596	30767	30160	30167
140.8	29603	30772	30169	30175
140.9	29614	30777	30177	30183
141	29620	30782	30184	30192
141.1	29632	30786	30194	30200
141.2	29641	30789	30202	30208
141.3	29654	30796	30209	30217
141.4	29668	30800	30216	30225
141.5	29682	30803	30227	30233
141.6	29689	30807	30237	30242
141.7	29700	30811	30246	30250
141.8	29714	30815	30256	30258
141.9	29728	30819	30264	30267
142	29738	30820	30274	30275
142.1	29751	30826	30282	30283
142.2	29757	30831	30291	30291
142.3	29768	30836	30299	30300
142.4	29773	30842	30308	30308
142.5	29777	30848	30318	30316
142.6	29785	30856	30327	30325
142.7	29789	30864	30335	30333
142.8	29795	30870	30344	30341
142.9	29801	30875	30354	30350
143	29806	30877	30363	30358
143.1	29817	30882	30373	30366
143.2	29827	30892	30382	30375
143.3	29831	30900	30392	30383
143.4	29836	30905	30399	30391
143.5	29840	30915	30407	30400
143.6	29845	30923	30417	30408
143.7	29849	30932	30426	30416
143.8	29855	30940	30436	30424
143.9	29861	30952	30445	30433
144	29864	30961	30455	30441
144.1	29869	30968	30466	30449
144.2	29875	30984	30473	30458
144.3	29881	30997	30481	30466
144.4	29887	31008	30489	30474
144.5	29893	31024	30497	30483
144.6	29897	31033	30505	30491
144.7	29904	31046	30513	30499
144.8	29908	31061	30519	30508
144.9	29913	31078	30526	30516
145	29916	31097	30534	30524
145.1	29921	31100	30540	30531
145.2	29929	31104	30547	30537
145.3	29942	31106	30553	30543
145.4	29945	31108	30558	30550
145.5	29958	31116	30564	30556
145.6	29978	31119	30571	30563
145.7	29988	31123	30577	30569
145.8	29997	31126	30583	30576
145.9	30004	31130	30588	30582
146	30010	31138	30595	30588
146.1	30019	31145	30602	30595
146.2	30026	31147	30610	30601
146.3	30034	31150	30616	30608
146.4	30039	31153	30623	30614
146.5	30043	31156	30630	30621
146.6	30048	31158	30636	30627
146.7	30057	31161	30641	30633
146.8	30064	31170	30647	30640
146.9	30069	31180	30653	30646
147	30074	31192	30660	30653
147.1	30080	31199	30667	30659
147.2	30089	31203	30675	30666
147.3	30092	31209	30679	30672
147.4	30095	31210	30686	30678
147.5	30099	31213	30693	30685
147.6	30103	31220	30700	30691
147.7	30109	31225	30708	30698
147.8	30115	31233	30717	30704
147.9	30120	31235	30725	30711
148	30124	31252	30731	30717
148.1	30129	31262	30738	30723
148.2	30134	31265	30745	30730
148.3	30137	31272	30751	30736
148.4	30140	31279	30759	30743
148.5	30144	31281	30766	30749
148.6	30148	31287	30774	30756
148.7	30154	31301	30782	30762
148.8	30159	31309	30789	30768
148.9	30164	31316	30795	30775
149	30169	31324	30803	30781
149.1	30174	31329	30809	30788
149.2	30178	31344	30816	30794
149.3	30183	31356	30822	30801
149.4	30189	31369	30828	30807
149.5	30194	31380	30834	30813
149.6	30200	31387	30840	30820
149.7	30204	31394	30846	30826
149.8	30207	31401	30853	30833
149.9	30212	31410	30858	30839
150	30216	31420	30862	30846
150.1	30222	31420	30869	30851
150.2	30228	31421	30875	30857
150.3	30240	31423	30881	30863
150.4	30246	31429	30885	30868
150.5	30253	31430	30891	30874
150.6	30262	31432	30897	30880
150.7	30267	31435	30903	30886
150.8	30280	31437	30908	30891
150.9	30290	31439	30913	30897
151	30298	31441	30919	30903
151.1	30308	31445	30925	30909
151.2	30314	31450	30931	30914
151.3	30320	31461	30936	30920
151.4	30327	31470	30942	30926
151.5	30331	31475	30947	30931
151.6	30338	31478	30953	30937
151.7	30348	31481	30959	30943
151.8	30354	31491	30964	30949
151.9	30365	31502	30969	30954
152	30368	31512	30977	30960
152.1	30378	31520	30983	30966
152.2	30383	31527	30989	30972
152.3	30386	31532	30996	30977
152.4	30388	31538	31003	30983
152.5	30390	31545	31009	30989
152.6	30397	31551	31017	30994
152.7	30412	31556	31022	31000
152.8	30420	31561	31028	31006
152.9	30421	31564	31033	31012
153	30424	31571	31039	31017
153.1	30426	31577	31044	31023
153.2	30433	31581	31049	31029
153.3	30438	31590	31054	31034
153.4	30440	31595	31062	31040
153.5	30445	31602	31068	31046
153.6	30447	31609	31076	31052
153.7	30458	31611	31081	31057
153.8	30461	31614	31086	31063
153.9	30465	31621	31091	31069
154	30466	31625	31096	31075
154.1	30471	31631	31102	31080
154.2	30474	31639	31108	31086
154.3	30480	31646	31114	31092
154.4	30487	31651	31120	31097
154.5	30494	31658	31126	31103
154.6	30500	31666	31131	31109
154.7	30505	31670	31137	31115
154.8	30508	31677	31143	31120
154.9	30513	31689	31149	31126
155	30516	31699	31157	31132
155.1	30524	31702	31161	31138
155.2	30536	31708	31165	31143
155.3	30549	31711	31169	31149
155.4	30552	31715	31174	31155
155.5	30568	31716	31178	31161
155.6	30582	31718	31181	31166
155.7	30597	31726	31185	31172
155.8	30609	31736	31190	31178
155.9	30618	31746	31196	31184
156	30631	31755	31200	31189
156.1	30642	31757	31207	31195
156.2	30651	31764	31211	31201
156.3	30658	31769	31215	31207
156.4	30668	31770	31222	31212
156.5	30677	31777	31226	31218
156.6	30685	31780	31230	31224
156.7	30694	31788	31235	31230
156.8	30703	31790	31240	31235
156.9	30712	31794	31244	31241
157	30720	31800	31249	31247
157.1	30731	31806	31255	31253
157.2	30740	31812	31260	31258
157.3	30748	31817	31265	31264
157.4	30755	31823	31273	31270
157.5	30763	31832	31278	31276
157.6	30772	31841	31282	31281
157.7	30780	31846	31287	31287
157.8	30788	31853	31295	31293
157.9	30792	31862	31301	31299
158	30795	31872	31306	31304
158.1	30800	31874	31311	31310
158.2	30804	31876	31318	31316
158.3	30808	31883	31322	31322
158.4	30818	31893	31327	31327
158.5	30825	31903	31332	31333
158.6	30829	31906	31337	31339
158.7	30831	31908	31342	31345
158.8	30836	31913	31348	31350
158.9	30842	31928	31353	31356
159	30851	31944	31357	31362
159.1	30854	31960	31364	31368
159.2	30855	31976	31369	31373
159.3	30862	31987	31377	31379
159.4	30870	31998	31381	31385
159.5	30876	32014	31387	31391
159.6	30879	32024	31394	31396
159.7	30882	32033	31401	31402
159.8	30884	32042	31406	31408
159.9	30887	32052	31411	31414
160	30894	32062	31416	31419
160.1	30915	32075	31424	31428
160.2	30942	32085	31430	31437
160.3	30967	32096	31436	31447
160.4	30992	32104	31444	31456
160.5	31014	32119	31452	31465
160.6	31037	32135	31459	31474
160.7	31059	32138	31466	31483
160.8	31082	32140	31471	31492
160.9	31104	32145	31478	31501
161	31125	32153	31486	31510
161.1	31145	32161	31493	31520
161.2	31167	32170	31502	31529
161.3	31187	32179	31510	31538
161.4	31199	32188	31518	31547
161.5	31218	32197	31526	31556
161.6	31239	32222	31533	31565
161.7	31253	32228	31541	31574
161.8	31270	32235	31550	31583
161.9	31285	32241	31557	31592
162	31298	32247	31564	31602
162.1	31307	32265	31572	31611
162.2	31318	32273	31581	31620
162.3	31324	32286	31590	31629
162.4	31332	32311	31599	31638
162.5	31336	32326	31607	31647
162.6	31343	32341	31615	31656
162.7	31347	32355	31624	31665
162.8	31352	32367	31632	31675
162.9	31360	32382	31641	31684
163	31372	32400	31650	31693
163.1	31379	32428	31659	31702
163.2	31387	32434	31668	31711
163.3	31391	32440	31677	31720
163.4	31395	32465	31687	31729
163.5	31401	32491	31695	31738
163.6	31405	32518	31705	31747
163.7	31409	32545	31712	31757
163.8	31416	32559	31720	31766
163.9	31420	32569	31728	31775
164	31425	32580	31736	31784
164.1	31430	32604	31745	31793
164.2	31435	32613	31752	31802
164.3	31439	32622	31762	31811
164.4	31443	32631	31769	31820
164.5	31448	32641	31777	31829
164.6	31453	32657	31784	31839
164.7	31455	32681	31791	31848
164.8	31457	32703	31799	31857
164.9	31462	32745	31806	31866
165	31466	32775	31814	31875
165.1	31483	32801	31833	31895
165.2	31498	32837	31856	31916
165.3	31517	32844	31878	31936
165.4	31530	32854	31897	31957
165.5	31540	32894	31919	31977
165.6	31548	32933	31941	31998
165.7	31560	32951	31960	32018
165.8	31571	32982	31980	32038
165.9	31579	33002	31997	32059
166	31591	33049	32018	32079
166.1	31599	33092	32033	32100
166.2	31602	33130	32054	32120
166.3	31609	33167	32070	32141
166.4	31618	33202	32090	32161
166.5	31627	33242	32110	32181
166.6	31636	33285	32127	32202
166.7	31641	33334	32145	32222
166.8	31647	33372	32165	32243
166.9	31656	33401	32180	32263
167	31658	33461	32199	32284
167.1	31662	33510	32213	32304
167.2	31668	33545	32229	32325
167.3	31671	33595	32247	32345
167.4	31677	33633	32264	32365
167.5	31684	33692	32283	32386
167.6	31688	33767	32302	32406
167.7	31694	33822	32320	32427
167.8	31700	33888	32335	32447
167.9	31703	33956	32349	32468
168	31710	34026	32367	32488
168.1	31717	34062	32384	32508
168.2	31723	34130	32401	32529
168.3	31726	34183	32414	32549
168.4	31729	34250	32427	32570
168.5	31732	34306	32443	32590
168.6	31735	34371	32461	32611
168.7	31737	34401	32479	32631
168.8	31742	34448	32498	32651
168.9	31746	34495	32514	32672
169	31749	34541	32532	32692
169.1	31751	34591	32546	32713
169.2	31753	34662	32561	32733
169.3	31755	34708	32581	32754
169.4	31757	34777	32600	32774
169.5	31761	34846	32619	32794
169.6	31764	34917	32636	32815
169.7	31769	34986	32654	32835
169.8	31773	35039	32669	32856
169.9	31776	35093	32684	32876
170	31780	35157	32701	32897
170.1	31797	35171	32727	32916
170.2	31809	35186	32748	32936
170.3	31822	35200	32767	32956
170.4	31837	35218	32793	32975
170.5	31850	35236	32806	32995
170.6	31866	35255	32823	33015
170.7	31876	35274	32845	33034
170.8	31887	35288	32866	33054
170.9	31897	35295	32881	33074
171	31902	35319	32903	33093
171.1	31908	35349	32922	33113
171.2	31923	35382	32948	33133
171.3	31933	35404	32966	33152
171.4	31945	35425	32991	33172
171.5	31959	35455	33011	33192
171.6	31965	35471	33034	33211
171.7	31969	35487	33056	33231
171.8	31978	35514	33077	33251
171.9	31988	35537	33097	33270
172	31999	35555	33120	33290
172.1	32005	35581	33141	33310
172.2	32016	35610	33163	33329
