depth	min	max	median	mean
0	-46	932	328	353
0.1	35	1000	411	435
0.2	117	1080	494	517
0.3	198	1165	577	598
0.4	279	1229	658	680
0.5	361	1313	740	762
0.6	442	1407	823	843
0.7	524	1501	904	925
0.8	605	1595	988	1007
0.9	687	1690	1074	1088
1	769	1779	1156	1170
1.1	851	1873	1239	1251
1.2	933	1971	1328	1333
1.3	1014	2066	1418	1415
1.4	1095	2161	1501	1496
1.5	1176	2243	1582	1578
1.6	1257	2342	1668	1660
1.7	1338	2443	1749	1741
1.8	1420	2537	1828	1823
1.9	1501	2633	1906	1905
2	1582	2732	1985	1986
2.1	1664	2830	2067	2068
2.2	1745	2928	2145	2149
2.3	1826	3028	2218	2231
2.4	1908	3130	2294	2313
2.5	1989	3232	2372	2394
2.6	2071	3334	2449	2476
2.7	2152	3435	2524	2558
2.8	2234	3537	2597	2639
2.9	2315	3639	2671	2721
3	2396	3740	2749	2803
3.1	2478	3842	2831	2884
3.2	2559	3944	2911	2966
3.3	2641	4044	2986	3047
3.4	2722	4144	3058	3129
3.5	2804	4246	3139	3211
3.6	2886	4348	3220	3292
3.7	2968	4450	3296	3374
3.8	3050	4552	3372	3456
3.9	3131	4654	3451	3537
4	3213	4757	3524	3619
4.1	3295	4859	3602	3701
4.2	3373	4959	3679	3782
4.3	3450	5058	3749	3864
4.4	3526	5159	3825	3945
4.5	3602	5259	3904	4027
4.6	3683	5359	3985	4109
4.7	3763	5459	4061	4190
4.8	3844	5559	4136	4272
4.9	3920	5660	4211	4354
5	3989	5758	4286	4435
5.1	4007	5766	4299	4446
5.2	4025	5772	4309	4456
5.3	4040	5778	4316	4466
5.4	4057	5784	4330	4477
5.5	4073	5790	4338	4487
5.6	4088	5797	4350	4497
5.7	4105	5803	4359	4508
5.8	4120	5809	4366	4518
5.9	4135	5815	4372	4528
6	4149	5821	4383	4539
6.1	4162	5826	4393	4549
6.2	4175	5832	4406	4560
6.3	4184	5839	4419	4570
6.4	4198	5846	4431	4580
6.5	4208	5854	4443	4591
6.6	4214	5862	4455	4601
6.7	4222	5870	4469	4611
6.8	4233	5878	4482	4622
6.9	4241	5883	4493	4632
7	4249	5888	4505	4642
7.1	4256	5893	4515	4653
7.2	4260	5898	4527	4663
7.3	4266	5903	4536	4674
7.4	4272	5912	4545	4684
7.5	4276	5924	4556	4694
7.6	4284	5937	4566	4705
7.7	4292	5949	4580	4715
7.8	4297	5962	4592	4725
7.9	4303	5974	4603	4736
8	4307	5983	4612	4746
8.1	4311	5994	4623	4756
8.2	4316	6005	4633	4767
8.3	4321	6016	4643	4777
8.4	4326	6023	4655	4788
8.5	4331	6030	4667	4798
8.6	4336	6038	4678	4808
8.7	4341	6048	4688	4819
8.8	4344	6057	4700	4829
8.9	4349	6065	4715	4839
9	4357	6073	4722	4850
9.1	4362	6080	4736	4860
9.2	4366	6088	4746	4870
9.3	4370	6095	4761	4881
9.4	4373	6103	4773	4891
9.5	4377	6111	4787	4901
9.6	4382	6120	4798	4912
9.7	4387	6130	4807	4922
9.8	4391	6139	4819	4933
9.9	4395	6150	4829	4943
10	4399	6160	4840	4953
10.1	4410	6168	4850	4963
10.2	4416	6179	4859	4973
10.3	4430	6192	4867	4983
10.4	4443	6204	4875	4993
10.5	4462	6217	4883	5002
10.6	4473	6229	4892	5012
10.7	4481	6240	4897	5022
10.8	4489	6254	4903	5032
10.9	4497	6268	4911	5042
11	4507	6279	4923	5051
11.1	4514	6287	4934	5061
11.2	4520	6297	4941	5071
11.3	4526	6309	4950	5081
11.4	4533	6323	4961	5091
11.5	4544	6336	4972	5101
11.6	4554	6345	4981	5110
11.7	4560	6354	4995	5120
11.8	4568	6364	5007	5130
11.9	4585	6375	5018	5140
12	4604	6387	5029	5150
12.1	4621	6396	5039	5159
12.2	4626	6401	5051	5169
12.3	4629	6411	5061	5179
12.4	4633	6424	5073	5189
12.5	4638	6437	5083	5199
12.6	4644	6450	5091	5209
12.7	4649	6464	5102	5218
12.8	4653	6477	5114	5228
12.9	4657	6491	5123	5238
13	4661	6505	5135	5248
13.1	4665	6519	5146	5258
13.2	4669	6528	5158	5267
13.3	4673	6537	5167	5277
13.4	4677	6547	5177	5287
13.5	4684	6561	5188	5297
13.6	4688	6575	5198	5307
13.7	4692	6591	5212	5317
13.8	4696	6603	5225	5326
13.9	4702	6613	5237	5336
14	4708	6621	5247	5346
14.1	4715	6629	5261	5356
14.2	4721	6638	5273	5366
14.3	4726	6649	5284	5375
14.4	4729	6663	5298	5385
14.5	4732	6675	5313	5395
14.6	4735	6686	5321	5405
14.7	4740	6694	5332	5415
14.8	4746	6704	5344	5425
14.9	4750	6715	5356	5434
15	4754	6726	5365	5444
15.1	4782	6749	5385	5467
15.2	4815	6770	5405	5489
15.3	4837	6793	5426	5511
15.4	4867	6812	5445	5534
15.5	4897	6836	5465	5556
15.6	4924	6860	5488	5579
15.7	4953	6884	5508	5601
15.8	4972	6906	5529	5623
15.9	4996	6927	5556	5646
16	5023	6949	5580	5668
16.1	5041	6967	5599	5690
16.2	5060	6989	5620	5713
16.3	5093	7007	5642	5735
16.4	5108	7027	5662	5758
16.5	5133	7051	5688	5780
16.6	5153	7071	5712	5802
16.7	5185	7089	5732	5825
16.8	5206	7107	5755	5847
16.9	5233	7132	5777	5869
17	5250	7151	5797	5892
17.1	5273	7163	5818	5914
17.2	5302	7173	5840	5937
17.3	5320	7194	5863	5959
17.4	5333	7212	5888	5981
17.5	5355	7229	5912	6004
17.6	5382	7247	5939	6026
17.7	5409	7263	5962	6049
17.8	5431	7280	5985	6071
17.9	5438	7299	6007	6093
18	5444	7321	6027	6116
18.1	5455	7344	6047	6138
18.2	5469	7359	6067	6160
18.3	5479	7381	6089	6183
18.4	5494	7398	6111	6205
21	5857	7941	6565	6677
21.1	5873	7948	6580	6689
21.2	5889	7954	6589	6700
21.3	5905	7961	6599	6712
21.4	5921	7967	6612	6723
21.5	5937	7973	6622	6735
21.6	5948	7980	6633	6746
21.7	5964	7986	6651	6757
21.8	5977	7992	6664	6769
21.9	5991	8002	6680	6780
22	6008	8013	6696	6792
22.1	6026	8023	6710	6803
22.2	6037	8027	6724	6814
22.3	6048	8033	6738	6826
22.4	6059	8042	6751	6837
22.5	6070	8046	6761	6849
22.6	6084	8048	6776	6860
22.7	6097	8056	6791	6872
22.8	6111	8062	6803	6883
22.9	6123	8074	6819	6894
23	6136	8082	6831	6906
23.1	6145	8088	6845	6917
23.2	6156	8103	6860	6929
23.3	6166	8118	6877	6940
23.4	6176	8121	6894	6951
23.5	6188	8127	6907	6963
23.6	6201	8138	6921	6974
23.7	6217	8151	6942	6986
23.8	6229	8162	6954	6997
23.9	6246	8175	6967	7009
24	6259	8188	6980	7020
24.1	6270	8194	6997	7031
24.2	6286	8198	7008	7043
24.3	6299	8200	7022	7054
24.4	6308	8208	7031	7066
24.5	6321	8217	7044	7077
24.6	6331	8225	7056	7088
24.7	6339	8229	7067	7100
24.8	6347	8234	7077	7111
24.9	6356	8243	7087	7123
25	6365	8251	7099	7134
25.1	6383	8255	7103	7140
25.2	6405	8260	7110	7147
25.3	6425	8265	7115	7153
25.4	6441	8271	7120	7159
25.5	6453	8276	7123	7165
25.6	6466	8284	7127	7171
25.7	6477	8291	7130	7178
25.8	6489	8299	7137	7184
25.9	6502	8307	7143	7190
26	6515	8316	7148	7196
26.1	6526	8324	7155	7202
26.2	6536	8332	7158	7209
26.3	6539	8340	7165	7215
26.4	6544	8349	7175	7221
26.5	6555	8357	7179	7227
26.6	6558	8362	7184	7233
26.7	6561	8367	7189	7240
26.8	6569	8372	7195	7246
26.9	6580	8380	7200	7252
27	6585	8385	7205	7258
27.1	6592	8389	7210	7264
27.2	6597	8393	7215	7271
27.3	6601	8397	7219	7277
27.4	6608	8404	7224	7283
27.5	6613	8412	7230	7289
27.6	6616	8419	7235	7295
27.7	6626	8426	7239	7302
27.8	6632	8434	7242	7308
27.9	6633	8442	7246	7314
28	6639	8451	7253	7320
28.1	6642	8459	7257	7326
28.2	6648	8467	7262	7333
28.3	6652	8475	7267	7339
28.4	6656	8478	7272	7345
28.5	6659	8483	7277	7351
28.6	6662	8487	7282	7357
28.7	6663	8492	7288	7364
28.8	6664	8499	7294	7370
28.9	6665	8510	7300	7376
29	6666	8519	7305	7382
29.1	6669	8527	7310	7388
29.2	6672	8532	7315	7395
29.3	6674	8537	7321	7401
29.4	6677	8543	7328	7407
29.5	6680	8550	7334	7413
29.6	6683	8560	7340	7419
29.7	6686	8572	7345	7426
29.8	6691	8580	7352	7432
29.9	6697	8587	7356	7438
30	6700	8594	7363	7444
30.1	6738	8601	7372	7457
30.2	6776	8608	7382	7470
30.3	6813	8617	7392	7483
30.4	6849	8627	7402	7496
30.5	6887	8639	7413	7508
30.6	6927	8650	7421	7521
30.7	6967	8661	7430	7534
30.8	7005	8668	7438	7547
30.9	7043	8674	7448	7560
31	7077	8684	7456	7573
31.1	7110	8694	7465	7586
31.2	7144	8706	7474	7599
31.3	7182	8719	7483	7611
31.4	7221	8726	7492	7624
31.5	7252	8735	7502	7637
31.6	7278	8751	7515	7650
31.7	7300	8765	7528	7663
31.8	7326	8777	7537	7676
31.9	7343	8789	7550	7689
32	7356	8800	7563	7701
32.1	7370	8814	7577	7714
32.2	7377	8826	7593	7727
32.3	7384	8838	7606	7740
32.4	7387	8856	7623	7753
32.5	7396	8864	7637	7766
32.6	7403	8877	7652	7779
32.7	7409	8886	7667	7792
32.8	7413	8897	7682	7804
32.9	7416	8908	7695	7817
33	7419	8918	7708	7830
33.1	7422	8930	7725	7843
33.2	7427	8940	7738	7856
33.3	7430	8946	7756	7869
33.4	7434	8955	7774	7882
33.5	7439	8964	7789	7894
33.6	7444	8969	7804	7907
33.7	7449	8974	7823	7920
33.8	7451	8984	7841	7933
33.9	7454	8993	7858	7946
34	7457	8998	7875	7959
34.1	7460	9009	7890	7972
34.2	7462	9015	7907	7984
34.3	7463	9021	7926	7997
34.4	7465	9032	7943	8010
34.5	7468	9044	7961	8023
34.6	7471	9056	7979	8036
34.7	7474	9068	7999	8049
34.8	7476	9078	8012	8062
34.9	7478	9086	8028	8075
35	7480	9096	8042	8087
35.1	7504	9128	8063	8110
35.2	7533	9161	8080	8132
35.3	7559	9194	8095	8154
35.4	7587	9231	8112	8176
35.5	7609	9268	8135	8199
35.6	7631	9301	8152	8221
35.7	7653	9331	8169	8243
35.8	7676	9363	8186	8265
35.9	7695	9395	8201	8288
36	7715	9429	8215	8310
36.1	7733	9462	8237	8332
36.2	7754	9499	8267	8354
36.3	7772	9537	8294	8376
36.4	7789	9573	8321	8399
36.5	7805	9610	8345	8421
36.6	7823	9643	8370	8443
36.7	7840	9674	8396	8465
36.8	7856	9707	8417	8488
36.9	7872	9740	8440	8510
37	7885	9775	8462	8532
37.1	7901	9813	8488	8554
37.2	7919	9846	8516	8577
37.3	7931	9879	8539	8599
37.4	7946	9915	8573	8621
37.5	7964	9951	8609	8643
37.6	7979	9986	8637	8665
37.7	7993	10018	8670	8688
37.8	8006	10050	8695	8710
37.9	8020	10085	8714	8732
38	8027	10121	8735	8754
38.1	8038	10155	8755	8777
38.2	8048	10183	8771	8799
38.3	8060	10215	8792	8821
38.4	8074	10253	8809	8843
38.5	8087	10282	8830	8866
38.6	8097	10316	8847	8888
38.7	8106	10352	8866	8910
38.8	8110	10389	8889	8932
38.9	8112	10425	8909	8954
39	8119	10458	8930	8977
39.1	8129	10488	8952	8999
39.2	8132	10518	8968	9021
39.3	8139	10555	8984	9043
39.4	8151	10589	9007	9066
39.5	8158	10623	9032	9088
39.6	8160	10654	9052	9110
39.7	8162	10685	9069	9132
39.8	8164	10718	9092	9155
39.9	8170	10756	9115	9177
40	8176	10789	9138	9199
40.1	8228	10794	9162	9223
40.2	8278	10797	9192	9248
40.3	8332	10803	9214	9272
40.4	8385	10806	9240	9296
40.5	8435	10809	9265	9321
40.6	8486	10812	9293	9345
40.7	8537	10818	9314	9369
40.8	8589	10827	9341	9393
40.9	8640	10835	9371	9418
41	8687	10840	9397	9442
41.1	8738	10841	9424	9466
41.2	8789	10846	9442	9491
41.3	8835	10853	9463	9515
41.4	8885	10857	9485	9539
41.5	8937	10866	9506	9564
41.6	8989	10870	9528	9588
41.7	9033	10876	9548	9612
41.8	9082	10884	9567	9637
41.9	9131	10889	9586	9661
42	9176	10893	9604	9685
42.1	9226	10907	9620	9709
42.2	9275	10918	9641	9734
42.3	9322	10921	9659	9758
42.4	9367	10928	9673	9782
42.5	9410	10938	9691	9807
42.6	9449	10947	9710	9831
42.7	9487	10957	9730	9855
42.8	9521	10967	9749	9880
42.9	9556	10977	9772	9904
43	9585	10987	9792	9928
43.1	9606	10994	9816	9953
43.2	9627	11004	9839	9977
43.3	9649	11015	9867	10001
43.4	9671	11024	9894	10025
43.5	9682	11033	9918	10050
43.6	9690	11043	9946	10074
43.7	9700	11050	9975	10098
43.8	9707	11062	10001	10123
43.9	9714	11078	10027	10147
44	9720	11090	10053	10171
44.1	9723	11113	10079	10196
44.2	9728	11124	10105	10220
44.3	9734	11153	10131	10244
44.4	9738	11184	10158	10269
44.5	9741	11207	10188	10293
44.6	9745	11227	10216	10317
44.7	9749	11263	10241	10341
44.8	9752	11289	10272	10366
44.9	9756	11335	10300	10390
45	9759	11379	10326	10414
45.1	9807	11386	10357	10442
45.2	9857	11395	10390	10470
45.3	9879	11406	10418	10498
45.4	9905	11422	10443	10526
45.5	9927	11430	10473	10553
45.6	9942	11443	10503	10581
45.7	9966	11454	10537	10609
45.8	9980	11464	10572	10637
45.9	9987	11475	10609	10665
46	10005	11486	10638	10692
46.1	10018	11514	10665	10720
46.2	10032	11541	10698	10748
46.3	10047	11559	10731	10776
46.4	10059	11580	10757	10804
46.5	10068	11611	10785	10831
46.6	10081	11641	10811	10859
46.7	10089	11690	10843	10887
46.8	10101	11737	10874	10915
46.9	10116	11798	10900	10943
47	10130	11863	10929	10970
47.1	10147	11920	10954	10998
47.2	10157	11991	10984	11026
47.3	10162	12058	11019	11054
47.4	10171	12140	11049	11081
47.5	10178	12223	11078	11109
47.6	10185	12311	11110	11137
47.7	10192	12398	11132	11165
47.8	10199	12494	11162	11193
47.9	10207	12584	11191	11220
48	10215	12661	11217	11248
48.1	10222	12745	11243	11276
48.2	10230	12829	11268	11304
48.3	10237	12918	11293	11332
48.4	10245	13007	11317	11359
48.5	10255	13097	11334	11387
48.6	10265	13186	11346	11415
48.7	10271	13275	11367	11443
48.8	10278	13359	11391	11471
48.9	10287	13440	11416	11498
49	10296	13532	11432	11526
49.1	10306	13617	11458	11554
49.2	10316	13705	11484	11582
49.3	10326	13786	11507	11610
49.4	10334	13867	11535	11637
49.5	10344	13957	11564	11665
49.6	10353	14041	11580	11693
49.7	10357	14133	11601	11721
49.8	10361	14224	11621	11749
49.9	10367	14312	11640	11776
50	10375	14399	11660	11804
50.1	10406	14422	11702	11839
50.2	10441	14448	11737	11873
50.3	10474	14462	11776	11908
50.4	10498	14473	11809	11942
50.5	10533	14482	11847	11977
50.6	10564	14493	11879	12011
50.7	10595	14509	11913	12046
50.8	10622	14522	11943	12080
50.9	10652	14534	11983	12115
51	10670	14547	12022	12149
51.1	10710	14569	12062	12184
51.2	10736	14587	12100	12218
51.3	10753	14601	12142	12253
51.4	10761	14616	12191	12287
51.5	10770	14630	12234	12322
51.6	10787	14645	12277	12356
51.7	10799	14663	12318	12391
51.8	10822	14680	12357	12425
51.9	10843	14697	12391	12460
52	10868	14714	12428	12494
52.1	10882	14731	12464	12529
52.2	10895	14748	12499	12563
52.3	10911	14765	12534	12598
52.4	10929	14782	12567	12632
52.5	10947	14828	12610	12667
52.6	10964	14847	12647	12701
52.7	10978	14885	12685	12736
52.8	10988	14935	12724	12770
52.9	10996	15020	12762	12805
53	11010	15097	12793	12839
53.1	11017	15175	12830	12874
53.2	11022	15221	12863	12908
53.3	11029	15295	12895	12943
53.4	11037	15342	12929	12977
53.5	11050	15429	12959	13012
53.6	11053	15483	12991	13046
53.7	11066	15507	13018	13081
53.8	11078	15546	13054	13115
53.9	11083	15604	13078	13150
54	11088	15658	13117	13184
54.1	11093	15733	13157	13219
54.2	11098	15791	13194	13253
54.3	11104	15874	13218	13288
54.4	11113	15980	13254	13323
54.5	11119	16062	13287	13357
54.6	11126	16169	13321	13392
54.7	11131	16272	13363	13426
54.8	11137	16375	13404	13461
54.9	11147	16477	13441	13495
55	11155	16580	13473	13530
55.1	11189	16602	13496	13562
55.2	11212	16624	13535	13595
55.3	11240	16646	13587	13627
55.4	11311	16668	13624	13660
55.5	11388	16686	13655	13692
55.6	11411	16697	13684	13724
55.7	11424	16714	13716	13757
55.8	11472	16739	13767	13789
55.9	11505	16764	13806	13822
56	11513	16785	13836	13854
56.1	11536	16806	13874	13887
56.2	11550	16827	13925	13919
56.3	11572	16848	13952	13952
56.4	11600	16869	13977	13984
56.5	11615	16886	13989	14017
56.6	11636	16902	14022	14049
56.7	11665	16934	14050	14082
56.8	11693	16961	14081	14114
56.9	11704	16987	14096	14147
57	11717	17019	14125	14179
57.1	11729	17050	14162	14212
57.2	11742	17074	14194	14244
57.3	11753	17095	14221	14277
57.4	11762	17116	14251	14309
57.5	11771	17137	14276	14342
57.6	11788	17163	14310	14374
57.7	11815	17201	14338	14407
57.8	11844	17234	14366	14439
57.9	11857	17249	14383	14472
58	11869	17271	14411	14504
58.1	11887	17312	14438	14537
58.2	11901	17353	14477	14569
58.3	11914	17395	14509	14602
58.4	11925	17431	14541	14634
58.5	11935	17472	14573	14667
58.6	11947	17521	14603	14699
58.7	11956	17564	14629	14732
58.8	11968	17601	14649	14764
58.9	11988	17647	14679	14797
59	12001	17684	14728	14829
59.1	12017	17729	14765	14862
59.2	12029	17767	14779	14894
59.3	12040	17805	14809	14926
59.4	12051	17837	14850	14959
59.5	12063	17862	14888	14991
59.6	12080	17911	14925	15024
59.7	12091	17958	14963	15056
59.8	12103	17998	14988	15089
59.9	12114	18029	15030	15121
60	12125	18080	15073	15154
60.1	12242	18084	15135	15215
60.2	12353	18088	15202	15275
60.3	12468	18093	15261	15336
60.4	12583	18096	15324	15397
60.5	12695	18102	15385	15458
60.6	12803	18107	15447	15519
60.7	12911	18117	15506	15579
60.8	13020	18127	15568	15640
60.9	13127	18135	15626	15701
61	13234	18142	15692	15762
61.1	13339	18149	15752	15822
61.2	13443	18156	15811	15883
61.3	13548	18163	15873	15944
61.4	13652	18170	15939	16005
61.5	13757	18178	16008	16066
61.6	13862	18182	16071	16126
61.7	13967	18185	16138	16187
61.8	14072	18190	16208	16248
61.9	14178	18195	16279	16309
62	14284	18199	16353	16369
62.1	14390	18205	16421	16430
62.2	14496	18212	16489	16491
62.3	14601	18216	16559	16552
62.4	14706	18221	16623	16613
62.5	14808	18226	16689	16673
62.6	14907	18235	16767	16734
62.7	15011	18247	16829	16795
62.8	15115	18257	16893	16856
62.9	15214	18262	16954	16916
63	15320	18265	17025	16977
63.1	15427	18270	17089	17038
63.2	15534	18283	17149	17099
63.3	15638	18293	17204	17160
63.4	15739	18310	17262	17220
63.5	15837	18322	17323	17281
63.6	15940	18344	17385	17342
63.7	16044	18365	17444	17403
63.8	16141	18383	17503	17463
63.9	16234	18401	17569	17524
64	16332	18429	17637	17585
64.1	16427	18487	17711	17646
64.2	16518	18533	17772	17706
64.3	16609	18585	17830	17767
64.4	16705	18656	17886	17828
64.5	16804	18734	17936	17889
64.6	16902	18811	17991	17950
64.7	16976	18914	18048	18010
64.8	17068	19006	18104	18071
64.9	17157	19101	18157	18132
65	17243	19198	18199	18193
65.1	17307	19207	18221	18221
65.2	17372	19214	18250	18249
65.3	17438	19230	18274	18277
65.4	17510	19250	18293	18305
65.5	17575	19274	18318	18333
65.6	17636	19281	18339	18361
65.7	17702	19289	18365	18390
65.8	17774	19291	18388	18418
65.9	17841	19293	18411	18446
66	17894	19304	18438	18474
66.1	17959	19324	18461	18502
66.2	18024	19349	18481	18530
66.3	18067	19369	18504	18558
66.4	18117	19383	18524	18586
66.5	18163	19399	18548	18615
66.6	18211	19416	18573	18643
66.7	18246	19436	18597	18671
66.8	18281	19458	18620	18699
66.9	18333	19507	18645	18727
67	18356	19540	18673	18755
67.1	18374	19593	18699	18783
67.2	18399	19658	18723	18811
67.3	18419	19704	18753	18839
67.4	18432	19771	18777	18868
67.5	18449	19829	18804	18896
67.6	18469	19903	18826	18924
67.7	18483	19977	18853	18952
67.8	18497	20049	18879	18980
67.9	18505	20109	18906	19008
68	18515	20170	18931	19036
68.1	18526	20229	18958	19064
68.2	18533	20291	18983	19093
68.3	18547	20358	19006	19121
68.4	18552	20426	19031	19149
68.5	18563	20491	19056	19177
68.6	18570	20557	19079	19205
68.7	18575	20623	19102	19233
68.8	18583	20692	19127	19261
68.9	18588	20759	19153	19289
69	18594	20823	19179	19318
69.1	18597	20890	19205	19346
69.2	18600	20965	19230	19374
69.3	18602	21042	19257	19402
69.4	18610	21119	19285	19430
69.5	18612	21196	19313	19458
69.6	18622	21262	19338	19486
69.7	18625	21335	19363	19514
69.8	18629	21416	19387	19543
69.9	18633	21500	19406	19571
70	18636	21574	19431	19599
70.1	18689	21588	19469	19634
70.2	18741	21602	19504	19669
70.3	18788	21616	19538	19704
70.4	18837	21635	19575	19740
70.5	18886	21655	19608	19775
70.6	18937	21667	19647	19810
70.7	18989	21679	19682	19845
70.8	19042	21696	19720	19880
70.9	19093	21717	19761	19915
71	19143	21731	19800	19951
71.1	19186	21749	19836	19986
71.2	19225	21768	19870	20021
71.3	19273	21790	19903	20056
71.4	19327	21814	19940	20091
71.5	19370	21842	19975	20126
71.6	19413	21870	20017	20162
71.7	19450	21890	20050	20197
71.8	19494	21904	20088	20232
71.9	19536	21920	20127	20267
72	19571	21940	20164	20302
72.1	19617	21963	20206	20338
72.2	19652	21987	20245	20373
72.3	19684	22010	20286	20408
72.4	19722	22022	20326	20443
72.5	19755	22039	20365	20478
72.6	19780	22057	20404	20513
72.7	19811	22079	20439	20549
72.8	19840	22096	20477	20584
72.9	19876	22111	20516	20619
73	19911	22131	20558	20654
73.1	19936	22144	20597	20689
73.2	19963	22162	20633	20725
73.3	19983	22184	20675	20760
73.4	20004	22202	20715	20795
73.5	20031	22224	20753	20830
73.6	20066	22246	20796	20865
73.7	20098	22268	20833	20900
73.8	20121	22281	20874	20936
73.9	20148	22301	20914	20971
74	20173	22322	20956	21006
74.1	20196	22335	20995	21041
74.2	20220	22342	21033	21076
74.3	20249	22349	21070	21112
74.4	20273	22373	21108	21147
74.5	20293	22379	21149	21182
74.6	20314	22387	21192	21217
74.7	20339	22404	21223	21252
74.8	20367	22458	21263	21287
74.9	20389	22469	21305	21323
75	20414	22501	21341	21358
75.1	20447	22524	21363	21378
75.2	20485	22539	21378	21398
75.3	20525	22558	21393	21419
75.4	20566	22587	21407	21439
75.5	20607	22606	21423	21459
75.6	20648	22620	21440	21480
75.7	20690	22640	21456	21500
75.8	20729	22657	21477	21520
75.9	20749	22687	21496	21541
76	20766	22710	21514	21561
76.1	20779	22733	21528	21581
76.2	20809	22747	21548	21602
76.3	20845	22773	21570	21622
76.4	20873	22785	21590	21642
76.5	20903	22796	21609	21663
76.6	20912	22806	21625	21683
76.7	20931	22829	21643	21703
76.8	20957	22847	21661	21724
76.9	20981	22871	21676	21744
77	21000	22906	21699	21764
77.1	21019	22940	21715	21785
77.2	21029	22980	21732	21805
77.3	21033	23019	21751	21825
77.4	21041	23034	21773	21846
77.5	21064	23043	21797	21866
77.6	21076	23051	21820	21886
77.7	21082	23074	21840	21907
77.8	21089	23095	21866	21927
77.9	21095	23122	21889	21947
78	21102	23151	21908	21968
78.1	21118	23180	21931	21988
78.2	21134	23217	21949	22008
78.3	21142	23253	21970	22029
78.4	21146	23292	21992	22049
78.5	21160	23324	22017	22069
78.6	21173	23353	22037	22090
78.7	21186	23383	22062	22110
78.8	21192	23420	22079	22130
78.9	21198	23454	22097	22151
79	21206	23489	22113	22171
79.1	21215	23522	22137	22191
79.2	21218	23567	22155	22212
79.3	21223	23609	22177	22232
79.4	21227	23643	22189	22252
79.5	21234	23678	22208	22273
79.6	21241	23715	22229	22293
79.7	21247	23751	22249	22313
79.8	21252	23789	22263	22334
79.9	21256	23823	22286	22354
80	21258	23863	22310	22374
80.1	21272	23869	22320	22387
80.2	21288	23876	22334	22399
80.3	21303	23884	22342	22411
80.4	21323	23901	22354	22424
80.5	21349	23907	22367	22436
80.6	21376	23920	22378	22448
80.7	21392	23931	22391	22461
80.8	21415	23939	22403	22473
80.9	21441	23948	22412	22485
81	21467	23955	22427	22498
81.1	21488	23959	22439	22510
81.2	21505	23964	22446	22522
81.3	21515	23970	22457	22535
81.4	21524	23978	22469	22547
81.5	21539	23989	22485	22559
81.6	21553	24000	22496	22572
81.7	21560	24011	22507	22584
81.8	21570	24020	22518	22596
81.9	21592	24033	22532	22609
82	21608	24043	22550	22621
82.1	21626	24060	22561	22633
82.2	21642	24082	22577	22646
82.3	21652	24101	22594	22658
82.4	21663	24117	22609	22670
82.5	21677	24125	22621	22683
82.6	21690	24134	22633	22695
82.7	21705	24145	22648	22707
82.8	21719	24155	22662	22720
82.9	21729	24173	22673	22732
83	21743	24201	22686	22744
83.1	21760	24224	22697	22757
83.2	21776	24233	22709	22769
83.3	21789	24239	22726	22781
83.4	21800	24249	22737	22794
83.5	21812	24261	22752	22806
83.6	21824	24281	22767	22818
83.7	21833	24298	22777	22831
83.8	21843	24309	22788	22843
83.9	21851	24318	22798	22855
84	21861	24341	22808	22868
84.1	21872	24356	22822	22880
84.2	21877	24371	22835	22892
84.3	21884	24391	22844	22905
84.4	21888	24412	22857	22917
84.5	21895	24450	22870	22929
84.6	21899	24474	22885	22942
84.7	21905	24494	22899	22954
84.8	21909	24508	22910	22966
84.9	21913	24523	22925	22979
85	21919	24554	22935	22991
85.1	21947	24562	22947	23004
85.2	21970	24570	22960	23017
85.3	21995	24579	22971	23030
85.4	22010	24587	22980	23043
85.5	22037	24596	22996	23056
85.6	22057	24610	23006	23070
85.7	22089	24625	23013	23083
85.8	22130	24641	23021	23096
85.9	22164	24655	23031	23109
86	22183	24665	23043	23122
86.1	22214	24675	23054	23135
86.2	22239	24688	23063	23148
86.3	22254	24699	23073	23161
86.4	22270	24711	23083	23174
86.5	22295	24719	23092	23187
86.6	22323	24726	23110	23200
86.7	22344	24737	23121	23213
86.8	22362	24749	23132	23227
86.9	22379	24760	23142	23240
87	22397	24766	23157	23253
87.1	22412	24773	23173	23266
87.2	22433	24781	23187	23279
87.3	22460	24791	23202	23292
87.4	22488	24801	23209	23305
87.5	22502	24814	23222	23318
87.6	22522	24827	23231	23331
87.7	22539	24841	23241	23344
87.8	22555	24854	23251	23357
87.9	22583	24867	23267	23370
88	22608	24881	23278	23383
88.1	22617	24893	23292	23397
88.2	22624	24904	23306	23410
88.3	22633	24915	23318	23423
88.4	22652	24927	23329	23436
88.5	22668	24942	23343	23449
88.6	22690	24963	23355	23462
88.7	22710	24973	23369	23475
88.8	22727	24982	23383	23488
88.9	22742	25000	23398	23501
89	22754	25005	23408	23514
89.1	22767	25011	23422	23527
89.2	22779	25017	23436	23540
89.3	22791	25028	23448	23554
89.4	22805	25039	23465	23567
89.5	22819	25064	23476	23580
89.6	22831	25091	23488	23593
89.7	22843	25109	23500	23606
89.8	22855	25124	23512	23619
89.9	22865	25142	23524	23632
90	22875	25157	23539	23645
90.1	22880	25167	23545	23652
90.2	22884	25171	23553	23658
90.3	22888	25176	23558	23664
90.4	22892	25181	23562	23671
90.5	22899	25186	23569	23677
90.6	22903	25191	23576	23684
90.7	22910	25196	23581	23690
90.8	22914	25214	23587	23697
90.9	22918	25233	23592	23703
91	22921	25241	23598	23709
91.1	22924	25249	23603	23716
91.2	22928	25263	23608	23722
91.3	22932	25274	23616	23729
91.4	22934	25279	23624	23735
91.5	22937	25290	23629	23741
91.6	22941	25304	23637	23748
91.7	22944	25321	23643	23754
91.8	22947	25342	23648	23761
91.9	22950	25355	23655	23767
92	22954	25366	23659	23774
92.1	22957	25378	23666	23780
92.2	22964	25388	23670	23786
92.3	22971	25401	23675	23793
92.4	22974	25418	23680	23799
92.5	22976	25442	23691	23806
92.6	22978	25458	23698	23812
92.7	22979	25469	23700	23819
92.8	22984	25474	23704	23825
92.9	22989	25483	23710	23831
93	22994	25495	23716	23838
93.1	22997	25506	23720	23844
93.2	22998	25520	23726	23851
93.3	22999	25532	23734	23857
93.4	23000	25546	23741	23864
93.5	23001	25564	23748	23870
93.6	23003	25581	23754	23876
93.7	23006	25594	23763	23883
93.8	23009	25608	23769	23889
93.9	23013	25622	23774	23896
94	23017	25636	23779	23902
94.1	23020	25650	23785	23909
94.2	23023	25665	23789	23915
94.3	23026	25680	23795	23921
94.4	23027	25690	23802	23928
94.5	23028	25700	23808	23934
94.6	23029	25710	23812	23941
94.7	23030	25720	23816	23947
94.8	23035	25730	23823	23954
94.9	23040	25740	23829	23960
95	23041	25751	23836	23966
95.1	23044	25766	23842	23972
95.2	23049	25782	23845	23978
95.3	23053	25798	23849	23983
95.4	23060	25802	23855	23989
95.5	23066	25806	23860	23994
95.6	23070	25815	23866	24000
95.7	23074	25826	23873	24006
95.8	23078	25836	23880	24011
95.9	23082	25847	23883	24017
96	23085	25858	23887	24022
96.1	23088	25868	23895	24028
96.2	23093	25876	23900	24034
96.3	23098	25884	23908	24039
96.4	23103	25892	23918	24045
96.5	23108	25902	23922	24050
96.6	23113	25907	23927	24056
96.7	23118	25909	23935	24062
96.8	23124	25911	23940	24067
96.9	23134	25918	23944	24073
97	23140	25927	23949	24078
97.1	23146	25936	23955	24084
97.2	23152	25947	23962	24090
97.3	23157	25956	23966	24095
97.4	23168	25964	23968	24101
97.5	23177	25972	23972	24106
97.6	23185	25976	23980	24112
97.7	23189	25980	23985	24118
97.8	23190	25984	23990	24123
97.9	23191	25988	23993	24129
98	23195	25992	23999	24134
98.1	23199	26000	24006	24140
98.2	23204	26009	24010	24146
98.3	23207	26015	24014	24151
98.4	23207	26023	24020	24157
98.5	23208	26033	24027	24162
98.6	23208	26038	24032	24168
98.7	23209	26042	24040	24174
98.8	23209	26047	24046	24179
98.9	23210	26052	24051	24185
99	23210	26056	24059	24190
99.1	23216	26061	24064	24196
99.2	23224	26066	24068	24202
99.3	23232	26070	24077	24207
99.4	23237	26082	24080	24213
99.5	23238	26093	24084	24218
99.6	23240	26099	24090	24224
99.7	23244	26102	24094	24230
99.8	23247	26105	24097	24235
99.9	23250	26108	24101	24241
100	23254	26111	24105	24246
100.1	23262	26117	24116	24252
100.2	23266	26123	24122	24257
100.3	23270	26130	24127	24263
100.4	23272	26137	24134	24268
100.5	23274	26144	24139	24274
100.6	23276	26151	24142	24280
100.7	23278	26158	24149	24285
100.8	23280	26166	24156	24291
100.9	23283	26173	24163	24296
101	23286	26181	24167	24302
101.1	23292	26188	24174	24307
101.2	23295	26194	24181	24313
101.3	23298	26200	24187	24318
101.4	23301	26206	24193	24324
101.5	23304	26212	24199	24329
101.6	23306	26218	24204	24335
101.7	23308	26224	24209	24341
101.8	23309	26229	24215	24346
101.9	23313	26233	24224	24352
102	23316	26237	24229	24357
102.1	23319	26241	24234	24363
102.2	23323	26245	24239	24368
102.3	23325	26251	24247	24374
102.4	23329	26257	24254	24379
102.5	23331	26262	24261	24385
102.6	23333	26268	24270	24390
102.7	23337	26273	24274	24396
102.8	23341	26278	24283	24402
102.9	23345	26284	24291	24407
103	23350	26289	24295	24413
103.1	23354	26295	24300	24418
103.2	23357	26300	24307	24424
103.3	23361	26305	24310	24429
103.4	23363	26311	24313	24435
103.5	23366	26316	24315	24440
103.6	23369	26321	24321	24446
103.7	23371	26327	24330	24451
103.8	23373	26332	24335	24457
103.9	23375	26338	24340	24462
104	23376	26345	24346	24468
104.1	23377	26351	24350	24474
104.2	23379	26357	24357	24479
104.3	23382	26363	24361	24485
104.4	23389	26369	24365	24490
104.5	23393	26376	24371	24496
104.6	23394	26382	24381	24501
104.7	23396	26389	24386	24507
104.8	23398	26395	24390	24512
104.9	23400	26401	24395	24518
105	23402	26406	24404	24523
105.1	23410	26412	24415	24535
105.2	23429	26416	24420	24547
105.3	23449	26422	24429	24558
105.4	23470	26431	24443	24570
105.5	23478	26441	24450	24581
105.6	23484	26448	24464	24593
105.7	23490	26455	24475	24604
105.8	23495	26467	24490	24616
105.9	23502	26479	24500	24627
106	23515	26490	24515	24639
106.1	23520	26499	24532	24650
106.2	23527	26509	24540	24662
106.3	23539	26517	24550	24673
106.4	23551	26523	24569	24685
106.5	23566	26528	24580	24696
106.6	23583	26534	24593	24708
106.7	23603	26539	24602	24719
106.8	23615	26545	24616	24731
106.9	23618	26550	24629	24743
107	23628	26556	24638	24754
107.1	23638	26561	24649	24766
107.2	23644	26567	24660	24777
107.3	23648	26573	24671	24789
107.4	23651	26581	24686	24800
107.5	23660	26589	24696	24812
107.6	23666	26597	24709	24823
107.7	23671	26606	24723	24835
107.8	23676	26615	24739	24846
107.9	23681	26624	24756	24858
108	23686	26633	24770	24869
108.1	23692	26644	24786	24881
108.2	23697	26654	24800	24892
108.3	23704	26661	24809	24904
108.4	23708	26680	24821	24915
108.5	23713	26700	24833	24927
108.6	23718	26715	24845	24939
108.7	23723	26721	24857	24950
108.8	23728	26728	24869	24962
108.9	23734	26740	24881	24973
109	23739	26754	24892	24985
109.1	23744	26769	24907	24996
109.2	23749	26777	24921	25008
109.3	23759	26785	24931	25019
109.4	23766	26800	24945	25031
109.5	23770	26817	24961	25042
109.6	23774	26834	24975	25054
109.7	23779	26837	24989	25065
109.8	23784	26841	24998	25077
109.9	23787	26850	25010	25088
110	23792	26863	25025	25100
110.1	23805	26873	25036	25113
110.2	23830	26887	25050	25126
110.3	23852	26903	25059	25139
110.4	23863	26920	25068	25152
110.5	23875	26937	25079	25166
110.6	23899	26955	25094	25179
110.7	23911	26967	25108	25192
110.8	23916	26975	25119	25205
110.9	23923	26982	25131	25218
111	23933	26992	25147	25231
111.1	23948	27003	25157	25244
111.2	23962	27015	25171	25258
111.3	23982	27026	25184	25271
111.4	24008	27035	25198	25284
111.5	24023	27043	25213	25297
111.6	24038	27053	25231	25310
111.7	24059	27068	25246	25323
111.8	24080	27082	25261	25336
111.9	24088	27097	25275	25350
112	24094	27112	25287	25363
112.1	24099	27127	25305	25376
112.2	24103	27134	25322	25389
112.3	24111	27148	25333	25402
112.4	24114	27165	25347	25415
112.5	24117	27181	25360	25428
112.6	24120	27199	25373	25442
112.7	24128	27218	25386	25455
112.8	24139	27229	25400	25468
112.9	24143	27240	25416	25481
113	24147	27254	25430	25494
113.1	24152	27268	25448	25507
113.2	24160	27281	25458	25520
113.3	24173	27293	25468	25534
113.4	24180	27300	25483	25547
113.5	24187	27309	25496	25560
113.6	24196	27321	25519	25573
113.7	24206	27332	25537	25586
113.8	24215	27343	25550	25599
113.9	24222	27355	25565	25612
114	24227	27368	25578	25626
114.1	24233	27383	25588	25639
114.2	24238	27405	25603	25652
114.3	24243	27419	25616	25665
114.4	24248	27434	25629	25678
114.5	24253	27449	25644	25691
114.6	24258	27464	25654	25704
114.7	24263	27484	25667	25718
114.8	24268	27512	25681	25731
114.9	24274	27540	25692	25744
115	24280	27553	25705	25757
115.1	24291	27567	25715	25770
115.2	24305	27570	25726	25782
115.3	24334	27573	25738	25795
115.4	24362	27576	25751	25808
115.5	24378	27592	25764	25821
115.6	24391	27598	25780	25834
115.7	24410	27606	25792	25846
115.8	24423	27614	25805	25859
115.9	24446	27627	25817	25872
116	24480	27631	25831	25885
116.1	24495	27633	25845	25897
116.2	24509	27635	25854	25910
116.3	24525	27641	25869	25923
116.4	24536	27642	25882	25936
116.5	24545	27657	25895	25948
116.6	24555	27677	25911	25961
116.7	24564	27684	25920	25974
116.8	24576	27691	25933	25987
116.9	24587	27701	25947	25999
117	24608	27716	25954	26012
117.1	24621	27736	25968	26025
117.2	24628	27758	25978	26038
117.3	24642	27769	25990	26050
117.4	24660	27781	26006	26063
117.5	24673	27793	26023	26076
117.6	24686	27806	26034	26089
117.7	24703	27815	26051	26101
117.8	24720	27825	26071	26114
117.9	24728	27836	26085	26127
118	24736	27841	26093	26140
118.1	24744	27846	26106	26152
118.2	24754	27852	26114	26165
118.3	24765	27857	26127	26178
118.4	24775	27872	26144	26191
118.5	24784	27887	26154	26203
118.6	24792	27903	26171	26216
118.7	24800	27913	26182	26229
118.8	24808	27930	26195	26242
118.9	24813	27949	26209	26255
119	24817	27962	26224	26267
119.1	24822	27973	26240	26280
119.2	24826	27990	26254	26293
119.3	24834	27999	26266	26306
119.4	24842	28007	26277	26318
119.5	24854	28017	26292	26331
119.6	24866	28025	26305	26344
119.7	24875	28044	26320	26357
119.8	24881	28060	26335	26369
119.9	24884	28073	26355	26382
120	24885	28082	26367	26395
120.1	24907	28094	26377	26408
120.2	24934	28104	26385	26421
120.3	24953	28113	26401	26434
120.4	24978	28121	26412	26447
120.5	24997	28129	26423	26461
120.6	25013	28133	26435	26474
120.7	25028	28137	26447	26487
120.8	25048	28142	26462	26500
120.9	25058	28146	26471	26513
121	25071	28150	26483	26526
121.1	25087	28154	26499	26539
121.2	25113	28159	26516	26552
121.3	25130	28165	26527	26566
121.4	25153	28171	26544	26579
121.5	25180	28178	26562	26592
121.6	25208	28184	26576	26605
121.7	25233	28191	26593	26618
121.8	25255	28199	26606	26631
121.9	25276	28211	26618	26644
122	25303	28220	26628	26657
122.1	25326	28227	26643	26671
122.2	25341	28233	26654	26684
122.3	25358	28239	26664	26697
122.4	25370	28246	26674	26710
122.5	25387	28252	26686	26723
122.6	25403	28259	26700	26736
122.7	25411	28270	26716	26749
122.8	25417	28282	26730	26763
122.9	25431	28294	26743	26776
123	25451	28306	26756	26789
123.1	25472	28318	26771	26802
123.2	25477	28330	26783	26815
123.3	25478	28345	26796	26828
123.4	25479	28369	26810	26841
123.5	25480	28390	26825	26854
123.6	25485	28399	26842	26868
123.7	25490	28421	26853	26881
123.8	25494	28431	26866	26894
123.9	25501	28440	26872	26907
124	25509	28456	26886	26920
124.1	25516	28469	26896	26933
124.2	25524	28479	26907	26946
124.3	25531	28490	26919	26959
124.4	25539	28498	26930	26973
124.5	25548	28501	26944	26986
124.6	25560	28504	26957	26999
124.7	25571	28516	26970	27012
124.8	25580	28532	26983	27025
124.9	25586	28562	27000	27038
125	25589	28579	27013	27051
125.1	25599	28593	27035	27065
125.2	25623	28607	27045	27079
125.3	25644	28625	27057	27093
125.4	25661	28648	27069	27107
125.5	25686	28661	27083	27121
125.6	25710	28673	27099	27135
125.7	25742	28684	27115	27149
125.8	25774	28696	27130	27163
125.9	25805	28704	27139	27177
126	25831	28713	27153	27190
126.1	25853	28720	27168	27204
126.2	25875	28732	27181	27218
126.3	25906	28744	27200	27232
126.4	25940	28754	27215	27246
126.5	25974	28768	27224	27260
126.6	26008	28782	27234	27274
126.7	26036	28791	27254	27288
126.8	26056	28801	27267	27302
126.9	26065	28807	27280	27316
127	26075	28816	27297	27330
127.1	26091	28828	27307	27343
127.2	26111	28840	27326	27357
127.3	26132	28847	27340	27371
127.4	26153	28851	27353	27385
127.5	26162	28855	27370	27399
127.6	26176	28860	27382	27413
127.7	26185	28868	27394	27427
127.8	26194	28885	27412	27441
127.9	26203	28910	27426	27455
128	26215	28942	27442	27469
128.1	26226	28970	27460	27482
128.2	26237	28988	27475	27496
128.3	26243	29008	27488	27510
128.4	26252	29023	27500	27524
128.5	26270	29037	27520	27538
128.6	26276	29051	27535	27552
128.7	26295	29065	27549	27566
128.8	26313	29080	27564	27580
128.9	26316	29095	27576	27594
129	26328	29103	27588	27608
129.1	26339	29111	27601	27622
129.2	26344	29120	27615	27635
129.3	26350	29129	27627	27649
129.4	26360	29138	27643	27663
129.5	26375	29147	27656	27677
129.6	26395	29157	27673	27691
129.7	26410	29166	27695	27705
129.8	26422	29173	27712	27719
129.9	26436	29181	27723	27733
130	26450	29193	27735	27747
130.1	26484	29196	27752	27761
130.2	26504	29198	27764	27775
130.3	26533	29203	27778	27789
130.4	26572	29208	27791	27803
130.5	26599	29213	27805	27817
130.6	26607	29219	27817	27831
130.7	26637	29224	27831	27845
130.8	26683	29227	27843	27859
130.9	26717	29230	27861	27873
131	26749	29235	27869	27887
131.1	26781	29241	27880	27901
131.2	26814	29247	27891	27916
131.3	26849	29254	27908	27930
131.4	26877	29263	27922	27944
131.5	26902	29288	27931	27958
131.6	26928	29301	27942	27972
131.7	26957	29310	27954	27986
131.8	26987	29319	27968	28000
131.9	27018	29329	27982	28014
132	27047	29343	27993	28028
132.1	27072	29356	28010	28042
132.2	27093	29371	28025	28056
132.3	27102	29401	28034	28070
132.4	27116	29415	28043	28084
132.5	27134	29426	28055	28099
132.6	27152	29442	28071	28113
132.7	27172	29456	28086	28127
132.8	27180	29466	28095	28141
132.9	27195	29482	28107	28155
133	27208	29490	28119	28169
133.1	27234	29494	28134	28183
133.2	27253	29499	28150	28197
133.3	27268	29504	28164	28211
133.4	27291	29509	28178	28225
133.5	27321	29517	28191	28239
133.6	27331	29536	28205	28253
133.7	27345	29549	28217	28267
133.8	27355	29559	28229	28282
133.9	27365	29570	28242	28296
134	27377	29573	28257	28310
134.1	27384	29577	28271	28324
134.2	27392	29583	28283	28338
134.3	27399	29589	28296	28352
134.4	27415	29596	28312	28366
134.5	27429	29616	28326	28380
134.6	27435	29640	28341	28394
134.7	27442	29670	28353	28408
134.8	27450	29701	28367	28422
134.9	27461	29738	28383	28436
135	27481	29768	28398	28450
135.1	27521	29776	28410	28467
135.2	27561	29782	28420	28484
135.3	27598	29790	28436	28501
135.4	27631	29801	28450	28518
135.5	27663	29812	28463	28535
135.6	27692	29823	28476	28552
135.7	27724	29838	28491	28569
135.8	27755	29849	28501	28586
135.9	27784	29869	28518	28602
136	27816	29885	28535	28619
136.1	27843	29901	28550	28636
136.2	27880	29917	28566	28653
136.3	27910	29945	28576	28670
136.4	27950	29972	28589	28687
136.5	27983	29995	28605	28704
136.6	28004	30015	28617	28721
136.7	28027	30030	28635	28738
136.8	28055	30046	28645	28755
136.9	28070	30064	28662	28771
137	28091	30088	28675	28788
137.1	28107	30113	28693	28805
137.2	28123	30140	28712	28822
137.3	28143	30157	28730	28839
137.4	28157	30167	28750	28856
137.5	28171	30190	28770	28873
137.6	28188	30209	28786	28890
137.7	28202	30218	28797	28907
137.8	28214	30231	28819	28923
137.9	28223	30242	28837	28940
138	28233	30271	28857	28957
138.1	28244	30308	28874	28974
138.2	28253	30335	28895	28991
138.3	28262	30359	28913	29008
138.4	28271	30383	28932	29025
138.5	28282	30405	28947	29042
138.6	28296	30427	28965	29059
138.7	28304	30446	28978	29075
138.8	28311	30460	28997	29092
138.9	28315	30468	29013	29109
139	28319	30476	29030	29126
139.1	28326	30485	29048	29143
139.2	28334	30498	29069	29160
139.3	28344	30521	29084	29177
139.4	28349	30544	29105	29194
139.5	28358	30597	29121	29211
139.6	28368	30626	29135	29227
139.7	28374	30654	29154	29244
139.8	28378	30671	29172	29261
139.9	28387	30697	29188	29278
140	28393	30727	29204	29295
140.1	28426	30734	29220	29313
140.2	28459	30746	29235	29330
140.3	28492	30760	29248	29348
140.4	28518	30778	29265	29365
140.5	28543	30795	29286	29383
140.6	28576	30806	29306	29400
140.7	28602	30819	29323	29418
140.8	28634	30838	29336	29436
140.9	28665	30859	29350	29453
141	28691	30881	29369	29471
141.1	28718	30893	29388	29488
141.2	28741	30903	29408	29506
141.3	28768	30907	29424	29524
141.4	28791	30910	29442	29541
141.5	28813	30920	29457	29559
141.6	28825	30938	29477	29576
141.7	28843	30951	29492	29594
141.8	28865	30970	29511	29611
141.9	28888	30981	29530	29629
142	28904	30993	29543	29647
142.1	28922	31000	29563	29664
142.2	28941	31006	29582	29682
142.3	28960	31019	29600	29699
142.4	28975	31041	29619	29717
142.5	28987	31064	29633	29735
142.6	29000	31088	29650	29752
142.7	29010	31105	29670	29770
142.8	29026	31123	29690	29787
142.9	29041	31142	29711	29805
143	29058	31152	29728	29822
143.1	29074	31162	29750	29840
143.2	29080	31170	29769	29858
143.3	29085	31192	29786	29875
143.4	29092	31207	29804	29893
143.5	29097	31238	29823	29910
143.6	29105	31257	29836	29928
143.7	29116	31273	29858	29946
143.8	29123	31303	29878	29963
143.9	29129	31323	29897	29981
144	29138	31349	29916	29998
144.1	29151	31379	29935	30016
144.2	29163	31394	29953	30033
144.3	29171	31415	29971	30051
144.4	29179	31433	29993	30069
144.5	29189	31446	30012	30086
144.6	29195	31465	30028	30104
144.7	29199	31489	30049	30121
144.8	29206	31508	30066	30139
144.9	29216	31526	30085	30157
145	29228	31551	30102	30174
145.1	29235	31560	30112	30182
145.2	29241	31570	30119	30191
145.3	29250	31581	30127	30199
145.4	29261	31592	30135	30208
145.5	29278	31599	30143	30216
145.6	29285	31603	30150	30225
145.7	29295	31609	30155	30233
145.8	29304	31617	30161	30241
145.9	29317	31625	30172	30250
146	29326	31630	30182	30258
146.1	29338	31634	30187	30267
146.2	29355	31637	30194	30275
146.3	29370	31639	30204	30283
146.4	29381	31643	30212	30292
146.5	29390	31650	30219	30300
146.6	29397	31659	30226	30309
146.7	29408	31668	30233	30317
146.8	29420	31673	30242	30325
146.9	29431	31678	30249	30334
147	29442	31690	30260	30342
147.1	29450	31706	30267	30351
147.2	29457	31714	30276	30359
147.3	29465	31725	30286	30367
147.4	29472	31736	30293	30376
147.5	29475	31747	30302	30384
147.6	29481	31760	30309	30393
147.7	29485	31772	30315	30401
147.8	29492	31781	30327	30409
147.9	29496	31790	30336	30418
148	29499	31798	30345	30426
148.1	29502	31806	30357	30435
148.2	29505	31818	30364	30443
148.3	29510	31823	30371	30451
148.4	29517	31830	30381	30460
148.5	29523	31837	30388	30468
148.6	29529	31844	30396	30477
148.7	29535	31851	30404	30485
148.8	29541	31858	30412	30493
148.9	29544	31870	30422	30502
149	29548	31876	30433	30510
149.1	29552	31888	30443	30519
149.2	29555	31900	30452	30527
149.3	29559	31911	30461	30535
149.4	29562	31916	30468	30544
149.5	29566	31921	30477	30552
149.6	29573	31930	30485	30561
149.7	29575	31942	30494	30569
149.8	29577	31954	30506	30577
149.9	29581	31963	30513	30586
150	29588	31973	30523	30594
150.1	29599	31980	30530	30602
150.2	29614	31985	30536	30609
150.3	29633	31988	30539	30616
150.4	29648	31991	30548	30624
150.5	29658	32001	30552	30631
150.6	29672	32018	30560	30638
150.7	29686	32022	30567	30646
150.8	29699	32027	30574	30653
150.9	29711	32030	30582	30660
151	29719	32035	30589	30668
151.1	29726	32048	30593	30675
151.2	29732	32061	30602	30682
151.3	29744	32074	30610	30690
151.4	29758	32085	30617	30697
151.5	29767	32095	30625	30705
151.6	29771	32103	30635	30712
151.7	29778	32112	30640	30719
151.8	29788	32123	30647	30727
151.9	29795	32129	30654	30734
152	29813	32136	30659	30741
152.1	29822	32143	30668	30749
152.2	29827	32151	30674	30756
152.3	29837	32159	30681	30763
152.4	29843	32169	30690	30771
152.5	29852	32174	30698	30778
152.6	29861	32179	30705	30785
152.7	29868	32185	30709	30793
152.8	29873	32193	30714	30800
152.9	29882	32204	30720	30807
153	29894	32219	30728	30815
153.1	29900	32237	30734	30822
153.2	29905	32254	30741	30829
153.3	29911	32264	30750	30837
153.4	29916	32275	30756	30844
153.5	29921	32286	30763	30851
153.6	29927	32296	30771	30859
153.7	29933	32306	30780	30866
153.8	29938	32313	30790	30874
153.9	29940	32320	30797	30881
154	29942	32333	30805	30888
154.1	29944	32336	30810	30896
154.2	29951	32343	30817	30903
154.3	29958	32349	30824	30910
154.4	29963	32368	30832	30918
154.5	29974	32384	30841	30925
154.6	29982	32393	30849	30932
154.7	29987	32403	30858	30940
154.8	29996	32415	30864	30947
154.9	29999	32432	30873	30954
155	30004	32453	30881	30962
155.1	30020	32456	30885	30969
155.2	30037	32460	30890	30976
155.3	30059	32464	30895	30983
155.4	30074	32467	30899	30990
155.5	30089	32471	30904	30997
155.6	30104	32475	30908	31004
155.7	30126	32485	30913	31011
155.8	30133	32492	30918	31018
155.9	30138	32496	30922	31026
156	30146	32500	30927	31033
156.1	30163	32506	30932	31040
156.2	30179	32527	30938	31047
156.3	30199	32539	30944	31054
156.4	30215	32546	30951	31061
156.5	30228	32549	30959	31068
156.6	30236	32558	30966	31075
156.7	30253	32567	30971	31082
156.8	30279	32572	30977	31089
156.9	30288	32573	30983	31096
157	30300	32574	30990	31104
157.1	30314	32575	30996	31111
157.2	30323	32577	31003	31118
157.3	30331	32582	31007	31125
157.4	30343	32597	31013	31132
157.5	30358	32623	31020	31139
157.6	30371	32633	31025	31146
157.7	30386	32637	31033	31153
157.8	30397	32647	31038	31160
157.9	30414	32651	31045	31167
158	30424	32655	31051	31174
158.1	30433	32659	31060	31182
158.2	30443	32663	31068	31189
158.3	30449	32668	31075	31196
158.4	30456	32678	31081	31203
158.5	30462	32690	31087	31210
158.6	30466	32701	31094	31217
158.7	30475	32712	31102	31224
158.8	30484	32719	31108	31231
158.9	30496	32723	31115	31238
159	30509	32728	31119	31245
159.1	30511	32732	31124	31252
159.2	30520	32737	31133	31260
159.3	30532	32742	31139	31267
159.4	30544	32748	31147	31274
159.5	30556	32754	31151	31281
159.6	30567	32761	31157	31288
159.7	30573	32767	31165	31295
159.8	30583	32773	31173	31302
159.9	30588	32779	31180	31309
160	30595	32786	31186	31316
160.1	30615	32792	31194	31328
160.2	30639	32798	31203	31339
160.3	30657	32804	31212	31350
160.4	30678	32817	31222	31362
160.5	30693	32833	31230	31373
160.6	30721	32837	31240	31384
160.7	30744	32840	31249	31396
160.8	30774	32848	31259	31407
160.9	30806	32859	31266	31418
161	30829	32862	31275	31430
161.1	30852	32867	31285	31441
161.2	30875	32886	31294	31453
161.3	30894	32892	31305	31464
161.4	30907	32897	31315	31475
161.5	30919	32904	31325	31487
161.6	30943	32912	31337	31498
161.7	30967	32920	31348	31509
161.8	30981	32929	31359	31521
161.9	30994	32937	31372	31532
162	31004	32942	31382	31543
162.1	31015	32949	31392	31555
162.2	31027	32957	31405	31566
162.3	31035	32969	31418	31577
162.4	31043	32981	31429	31589
162.5	31051	32991	31442	31600
162.6	31059	33004	31453	31612
162.7	31066	33013	31464	31623
162.8	31069	33022	31479	31634
162.9	31071	33040	31495	31646
163	31077	33051	31509	31657
163.1	31084	33062	31517	31668
163.2	31089	33082	31531	31680
163.3	31101	33103	31544	31691
163.4	31109	33121	31558	31702
163.5	31115	33141	31570	31714
163.6	31126	33160	31583	31725
163.7	31131	33175	31595	31736
163.8	31135	33197	31605	31748
163.9	31139	33212	31616	31759
164	31141	33223	31625	31771
164.1	31145	33228	31639	31782
164.2	31151	33232	31652	31793
164.3	31156	33246	31663	31805
164.4	31161	33262	31676	31816
164.5	31167	33288	31687	31827
164.6	31173	33305	31696	31839
164.7	31176	33336	31710	31850
164.8	31179	33363	31717	31861
164.9	31185	33381	31728	31873
165	31193	33399	31738	31884
165.1	31210	33424	31766	31904
165.2	31224	33430	31789	31923
165.3	31239	33438	31806	31943
165.4	31256	33450	31822	31962
165.5	31271	33465	31845	31982
165.6	31282	33482	31873	32001
165.7	31289	33500	31898	32021
165.8	31301	33516	31920	32040
165.9	31310	33530	31940	32060
166	31323	33548	31960	32079
166.1	31332	33561	31981	32099
166.2	31335	33583	32008	32118
166.3	31344	33594	32029	32138
166.4	31352	33617	32049	32157
166.5	31359	33649	32068	32177
166.6	31365	33666	32089	32196
166.7	31371	33680	32110	32216
166.8	31377	33701	32124	32235
166.9	31382	33734	32146	32255
167	31387	33745	32165	32274
167.1	31394	33769	32184	32294
167.2	31401	33788	32197	32313
167.3	31407	33812	32220	32333
167.4	31411	33854	32240	32352
167.5	31415	33891	32258	32372
167.6	31421	33932	32273	32391
167.7	31424	33959	32288	32411
167.8	31430	34002	32303	32430
167.9	31434	34069	32318	32450
168	31438	34161	32330	32469
168.1	31440	34188	32345	32489
168.2	31444	34199	32362	32508
168.3	31449	34217	32380	32528
168.4	31455	34239	32397	32547
168.5	31460	34304	32418	32567
168.6	31467	34375	32435	32587
168.7	31475	34420	32451	32606
168.8	31482	34474	32472	32626
168.9	31486	34532	32483	32645
169	31491	34571	32493	32665
169.1	31494	34602	32511	32684
169.2	31498	34652	32528	32704
169.3	31502	34691	32548	32723
169.4	31506	34745	32564	32743
169.5	31511	34811	32584	32762
169.6	31515	34867	32600	32782
169.7	31518	34926	32621	32801
169.8	31521	34990	32642	32821
169.9	31527	35030	32658	32840
170	31533	35075	32676	32860
170.1	31552	35131	32690	32880
170.2	31570	35145	32708	32900
170.3	31584	35155	32725	32920
170.4	31597	35164	32749	32940
170.5	31627	35174	32760	32960
170.6	31638	35203	32777	32980
170.7	31651	35221	32798	33000
170.8	31666	35260	32825	33020
170.9	31684	35299	32843	33040
171	31701	35322	32867	33060
171.1	31717	35346	32890	33080
171.2	31725	35363	32912	33100
171.3	31730	35372	32939	33121
171.4	31736	35381	32959	33141
171.5	31751	35394	32987	33161
171.6	31762	35415	33002	33181
171.7	31779	35436	33027	33201
171.8	31790	35457	33057	33221
171.9	31798	35481	33074	33241
172	31806	35507	33100	33261
172.1	31813	35532	33116	33281
172.2	31820	35557	33136	33301
