depth	min	max	median	mean
0	-65	2852	167	411
0.1	25	2884	250	490
0.2	115	2914	333	569
0.3	206	2949	418	648
0.4	295	2979	502	728
0.5	384	3010	586	807
0.6	473	3041	670	886
0.7	560	3072	753	965
0.8	648	3103	837	1044
0.9	735	3133	920	1124
1	821	3165	1003	1203
1.1	903	3202	1086	1282
1.2	989	3240	1170	1361
1.3	1075	3278	1253	1440
1.4	1161	3316	1337	1520
1.5	1244	3354	1421	1599
1.6	1329	3392	1506	1678
1.7	1413	3430	1590	1757
1.8	1499	3468	1673	1836
1.9	1583	3506	1756	1916
2	1667	3544	1840	1995
2.1	1750	3578	1924	2074
2.2	1833	3612	2007	2153
2.3	1917	3646	2093	2233
2.4	2001	3679	2177	2312
2.5	2083	3714	2260	2391
2.6	2165	3751	2345	2470
2.7	2248	3788	2430	2549
2.8	2329	3825	2514	2629
2.9	2412	3860	2598	2708
3	2495	3894	2684	2787
3.1	2577	3929	2767	2866
3.2	2657	3964	2852	2945
3.3	2740	4000	2935	3025
3.4	2817	4037	3020	3104
3.5	2899	4074	3104	3183
3.6	2980	4110	3190	3262
3.7	3057	4147	3274	3342
3.8	3138	4186	3359	3421
3.9	3220	4221	3444	3500
4	3302	4259	3529	3579
4.1	3385	4295	3613	3658
4.2	3466	4331	3697	3738
4.3	3548	4368	3782	3817
4.4	3627	4403	3867	3896
4.5	3706	4439	3950	3975
4.6	3782	4477	4034	4054
4.7	3861	4516	4118	4134
4.8	3941	4565	4201	4213
4.9	4018	4615	4284	4292
5	4096	4682	4361	4371
5.1	4108	4683	4369	4378
5.2	4119	4685	4374	4384
5.3	4131	4687	4380	4391
5.4	4143	4688	4387	4397
5.5	4154	4690	4392	4404
5.6	4165	4692	4397	4411
5.7	4177	4697	4404	4417
5.8	4187	4701	4412	4424
5.9	4197	4703	4418	4430
6	4206	4709	4425	4437
6.1	4216	4715	4431	4443
6.2	4223	4722	4439	4450
6.3	4229	4725	4446	4456
6.4	4237	4727	4454	4463
6.5	4248	4730	4461	4469
6.6	4255	4736	4470	4476
6.7	4263	4747	4478	4483
6.8	4268	4755	4486	4489
6.9	4273	4761	4492	4496
7	4280	4767	4499	4502
7.1	4284	4777	4504	4509
7.2	4291	4788	4511	4515
7.3	4296	4801	4518	4522
7.4	4304	4814	4524	4528
7.5	4313	4820	4530	4535
7.6	4319	4830	4536	4541
7.7	4324	4841	4542	4548
7.8	4329	4854	4550	4555
7.9	4334	4865	4556	4561
8	4339	4875	4563	4568
8.1	4341	4883	4570	4574
8.2	4345	4889	4576	4581
8.3	4347	4910	4582	4587
8.4	4350	4925	4588	4594
8.5	4357	4941	4595	4600
8.6	4360	4953	4602	4607
8.7	4362	4966	4608	4613
8.8	4363	4974	4615	4620
8.9	4367	4983	4621	4627
9	4368	5003	4627	4633
9.1	4371	5023	4633	4640
9.2	4373	5028	4639	4646
9.3	4376	5041	4645	4653
9.4	4378	5055	4652	4659
9.5	4380	5070	4658	4666
9.6	4384	5087	4666	4672
9.7	4385	5099	4672	4679
9.8	4388	5113	4677	4685
9.9	4389	5128	4683	4692
10	4391	5142	4690	4699
10.1	4406	5147	4696	4705
10.2	4423	5153	4702	4712
10.3	4437	5159	4707	4719
10.4	4455	5165	4713	4726
10.5	4465	5172	4719	4733
10.6	4476	5181	4726	4740
10.7	4483	5186	4731	4747
10.8	4495	5195	4737	4754
10.9	4509	5200	4743	4761
11	4519	5204	4750	4768
11.1	4528	5210	4755	4775
11.2	4538	5216	4762	4782
11.3	4546	5220	4768	4789
11.4	4553	5230	4774	4796
11.5	4560	5236	4780	4803
11.6	4568	5244	4786	4809
11.7	4576	5261	4791	4816
11.8	4585	5275	4798	4823
11.9	4593	5280	4804	4830
12	4597	5290	4811	4837
12.1	4605	5294	4818	4844
12.2	4608	5314	4825	4851
12.3	4614	5327	4832	4858
12.4	4617	5332	4840	4865
12.5	4623	5339	4847	4872
12.6	4628	5350	4853	4879
12.7	4632	5360	4859	4886
12.8	4637	5374	4865	4893
12.9	4641	5385	4872	4900
13	4645	5398	4879	4907
13.1	4649	5411	4884	4913
13.2	4651	5429	4891	4920
13.3	4655	5456	4897	4927
13.4	4659	5470	4902	4934
13.5	4662	5492	4906	4941
13.6	4665	5507	4912	4948
13.7	4667	5524	4917	4955
13.8	4669	5543	4923	4962
13.9	4673	5564	4929	4969
14	4678	5582	4935	4976
14.1	4683	5603	4942	4983
14.2	4687	5627	4948	4990
14.3	4688	5643	4952	4997
14.4	4694	5663	4958	5004
14.5	4696	5683	4964	5010
14.6	4698	5705	4970	5017
14.7	4701	5727	4976	5024
14.8	4703	5748	4982	5031
14.9	4705	5770	4987	5038
15	4708	5792	4995	5045
15.1	4729	5800	5019	5068
15.2	4754	5805	5040	5090
15.3	4776	5812	5064	5113
15.4	4796	5820	5088	5136
15.5	4815	5828	5112	5158
15.6	4828	5843	5136	5181
15.7	4843	5865	5160	5203
15.8	4861	5884	5184	5226
15.9	4876	5899	5205	5249
16	4890	5912	5229	5271
16.1	4904	5928	5253	5294
16.2	4913	5949	5277	5316
16.3	4925	5976	5303	5339
16.4	4937	6009	5328	5362
16.5	4947	6025	5355	5384
16.6	4954	6060	5379	5407
16.7	4961	6087	5404	5429
16.8	4968	6107	5428	5452
16.9	4974	6124	5452	5474
17	4981	6159	5474	5497
17.1	4988	6183	5497	5520
17.2	4996	6206	5519	5542
17.3	5009	6247	5542	5565
17.4	5015	6284	5566	5587
17.5	5023	6327	5590	5610
17.6	5028	6361	5611	5633
17.7	5034	6405	5634	5655
17.8	5041	6436	5657	5678
17.9	5048	6466	5679	5700
18	5054	6505	5705	5723
18.1	5062	6533	5730	5746
18.2	5069	6578	5751	5768
18.3	5077	6619	5772	5791
18.4	5084	6647	5796	5813
21	5427	7215	6309	6329
21.1	5452	7226	6327	6345
21.2	5474	7236	6344	6360
21.3	5497	7247	6360	6376
21.4	5523	7254	6376	6391
21.5	5552	7259	6395	6407
21.6	5571	7264	6414	6422
21.7	5594	7269	6430	6437
21.8	5619	7274	6446	6453
21.9	5634	7276	6464	6468
22	5658	7277	6482	6484
22.1	5685	7278	6499	6499
22.2	5712	7284	6517	6515
22.3	5730	7290	6537	6530
22.4	5753	7298	6552	6546
22.5	5770	7305	6569	6561
22.6	5781	7309	6588	6576
22.7	5802	7313	6605	6592
22.8	5819	7321	6625	6607
22.9	5833	7330	6644	6623
23	5857	7333	6662	6638
23.1	5880	7336	6683	6654
23.2	5902	7340	6704	6669
23.3	5926	7348	6722	6685
23.4	5943	7356	6741	6700
23.5	5961	7361	6759	6715
23.6	5980	7365	6776	6731
23.7	5995	7367	6793	6746
23.8	6010	7369	6807	6762
23.9	6019	7374	6825	6777
24	6037	7380	6842	6793
24.1	6048	7386	6861	6808
24.2	6066	7392	6877	6823
24.3	6078	7398	6895	6839
24.4	6096	7407	6908	6854
24.5	6111	7416	6923	6870
24.6	6125	7427	6936	6885
24.7	6138	7438	6950	6901
24.8	6151	7452	6968	6916
24.9	6164	7471	6981	6932
25	6174	7493	6996	6947
25.1	6184	7494	7000	6953
25.2	6202	7494	7005	6958
25.3	6221	7495	7011	6964
25.4	6235	7496	7017	6970
25.5	6247	7498	7021	6976
25.6	6264	7499	7027	6981
25.7	6280	7500	7032	6987
25.8	6294	7500	7035	6993
25.9	6307	7500	7041	6998
26	6325	7502	7046	7004
26.1	6339	7504	7052	7010
26.2	6354	7506	7057	7015
26.3	6365	7507	7064	7021
26.4	6379	7508	7068	7027
26.5	6394	7508	7073	7033
26.6	6406	7509	7079	7038
26.7	6417	7509	7084	7044
26.8	6421	7511	7090	7050
26.9	6433	7513	7095	7055
27	6446	7516	7100	7061
27.1	6459	7519	7106	7067
27.2	6473	7522	7111	7073
27.3	6487	7525	7117	7078
27.4	6496	7527	7122	7084
27.5	6510	7527	7126	7090
27.6	6520	7529	7132	7095
27.7	6527	7529	7135	7101
27.8	6533	7529	7141	7107
27.9	6541	7530	7148	7112
28	6551	7530	7152	7118
28.1	6559	7531	7160	7124
28.2	6565	7531	7164	7130
28.3	6572	7532	7170	7135
28.4	6583	7532	7175	7141
28.5	6594	7533	7181	7147
28.6	6604	7533	7185	7152
28.7	6611	7533	7190	7158
28.8	6620	7534	7196	7164
28.9	6631	7537	7202	7170
29	6639	7539	7207	7175
29.1	6650	7542	7212	7181
29.2	6660	7545	7217	7187
29.3	6668	7551	7225	7192
29.4	6675	7555	7232	7198
29.5	6680	7556	7238	7204
29.6	6686	7560	7245	7210
29.7	6690	7567	7252	7215
29.8	6693	7573	7257	7221
29.9	6700	7580	7261	7227
30	6706	7587	7265	7232
30.1	6739	7588	7274	7244
30.2	6771	7589	7284	7255
30.3	6800	7590	7294	7267
30.4	6832	7591	7303	7278
30.5	6865	7594	7312	7290
30.6	6896	7599	7322	7301
30.7	6927	7601	7331	7313
30.8	6957	7603	7340	7324
30.9	6988	7606	7349	7336
31	7018	7608	7358	7347
31.1	7046	7609	7367	7359
31.2	7076	7611	7377	7370
31.3	7106	7613	7385	7382
31.4	7134	7617	7394	7393
31.5	7165	7626	7403	7405
31.6	7191	7631	7413	7416
31.7	7218	7635	7422	7428
31.8	7246	7639	7432	7439
31.9	7269	7641	7442	7451
32	7295	7646	7451	7462
32.1	7319	7650	7460	7474
32.2	7341	7653	7470	7485
32.3	7367	7658	7482	7497
32.4	7383	7666	7495	7508
32.5	7398	7673	7507	7520
32.6	7411	7689	7519	7531
32.7	7420	7714	7530	7543
32.8	7427	7739	7541	7554
32.9	7437	7757	7551	7566
33	7443	7774	7561	7577
33.1	7447	7794	7572	7589
33.2	7451	7817	7583	7600
33.3	7454	7841	7592	7612
33.4	7458	7864	7602	7624
33.5	7462	7896	7612	7635
33.6	7465	7928	7621	7647
33.7	7467	7962	7631	7658
33.8	7469	7993	7641	7670
33.9	7470	8026	7651	7681
34	7472	8062	7661	7693
34.1	7474	8095	7670	7704
34.2	7476	8123	7680	7716
34.3	7477	8152	7689	7727
34.4	7479	8184	7698	7739
34.5	7480	8213	7707	7750
34.6	7482	8238	7719	7762
34.7	7483	8271	7728	7773
34.8	7485	8303	7736	7785
34.9	7486	8331	7747	7796
35	7488	8363	7757	7808
35.1	7509	8372	7778	7827
35.2	7528	8379	7799	7845
35.3	7538	8390	7820	7864
35.4	7550	8404	7840	7883
35.5	7558	8414	7864	7902
35.6	7567	8424	7887	7921
35.7	7576	8438	7912	7940
35.8	7583	8451	7936	7959
35.9	7589	8463	7960	7978
36	7596	8469	7986	7997
36.1	7599	8490	8011	8016
36.2	7603	8514	8037	8035
36.3	7610	8530	8061	8054
36.4	7610	8551	8085	8073
36.5	7615	8571	8106	8092
36.6	7622	8592	8128	8111
36.7	7628	8617	8150	8130
36.8	7632	8643	8175	8149
36.9	7636	8666	8200	8168
37	7640	8689	8224	8187
37.1	7644	8713	8246	8206
37.2	7650	8738	8269	8224
37.3	7655	8763	8291	8243
37.4	7658	8787	8310	8262
37.5	7661	8812	8331	8281
37.6	7665	8838	8351	8300
37.7	7667	8867	8370	8319
37.8	7670	8899	8390	8338
37.9	7673	8916	8412	8357
38	7676	8943	8434	8376
38.1	7680	8966	8453	8395
38.2	7684	8998	8471	8414
38.3	7687	9033	8488	8433
38.4	7691	9065	8506	8452
38.5	7693	9097	8523	8471
38.6	7694	9131	8541	8490
38.7	7696	9166	8563	8509
38.8	7697	9201	8584	8528
38.9	7698	9233	8603	8547
39	7699	9268	8620	8566
39.1	7700	9304	8639	8584
39.2	7702	9336	8657	8603
39.3	7704	9373	8677	8622
39.4	7709	9404	8695	8641
39.5	7714	9434	8718	8660
39.6	7716	9466	8739	8679
39.7	7721	9503	8757	8698
39.8	7725	9539	8776	8717
39.9	7729	9572	8793	8736
40	7733	9602	8809	8755
40.1	7788	9608	8834	8782
40.2	7844	9616	8860	8810
40.3	7905	9621	8886	8837
40.4	7962	9625	8912	8865
40.5	8016	9630	8937	8892
40.6	8070	9635	8963	8920
40.7	8123	9641	8988	8947
40.8	8175	9646	9013	8975
40.9	8231	9651	9040	9002
41	8286	9657	9065	9030
41.1	8341	9666	9089	9057
41.2	8395	9670	9115	9084
41.3	8457	9681	9140	9112
41.4	8514	9684	9166	9139
41.5	8569	9688	9191	9167
41.6	8623	9696	9219	9194
41.7	8675	9707	9245	9222
41.8	8729	9724	9270	9249
41.9	8783	9736	9295	9277
42	8836	9743	9321	9304
42.1	8890	9752	9348	9332
42.2	8942	9763	9373	9359
42.3	8993	9770	9399	9386
42.4	9044	9784	9424	9414
42.5	9095	9787	9450	9441
42.6	9144	9797	9476	9469
42.7	9193	9811	9501	9496
42.8	9244	9829	9526	9524
42.9	9293	9852	9548	9551
43	9342	9875	9574	9579
43.1	9392	9899	9597	9606
43.2	9439	9934	9621	9634
43.3	9485	9958	9646	9661
43.4	9533	9988	9670	9688
43.5	9576	10007	9694	9716
43.6	9613	10032	9720	9743
43.7	9641	10064	9746	9771
43.8	9659	10107	9774	9798
43.9	9677	10163	9802	9826
44	9692	10210	9833	9853
44.1	9704	10248	9861	9881
44.2	9715	10280	9890	9908
44.3	9725	10315	9918	9936
44.4	9736	10355	9945	9963
44.5	9745	10397	9971	9990
44.6	9753	10439	9996	10018
44.7	9762	10481	10022	10045
44.8	9768	10526	10050	10073
44.9	9774	10573	10075	10100
45	9782	10629	10099	10128
45.1	9803	10661	10132	10159
45.2	9829	10688	10171	10190
45.3	9846	10739	10203	10221
45.4	9859	10798	10238	10252
45.5	9869	10846	10270	10283
45.6	9882	10893	10305	10314
45.7	9893	10944	10337	10345
45.8	9906	10986	10364	10377
45.9	9916	11045	10393	10408
46	9924	11098	10419	10439
46.1	9933	11156	10445	10470
46.2	9944	11207	10473	10501
46.3	9955	11264	10493	10532
46.4	9965	11318	10521	10563
46.5	9976	11385	10550	10594
46.6	9986	11443	10579	10625
46.7	9991	11507	10606	10656
46.8	9998	11572	10630	10687
46.9	10006	11638	10657	10719
47	10014	11704	10684	10750
47.1	10022	11772	10709	10781
47.2	10030	11833	10735	10812
47.3	10037	11903	10760	10843
47.4	10046	11974	10788	10874
47.5	10053	12044	10814	10905
47.6	10060	12112	10842	10936
47.7	10066	12185	10870	10967
47.8	10073	12255	10895	10998
47.9	10082	12325	10918	11030
48	10085	12396	10945	11061
48.1	10088	12467	10972	11092
48.2	10098	12541	10997	11123
48.3	10105	12620	11023	11154
48.4	10114	12698	11050	11185
48.5	10120	12774	11074	11216
48.6	10128	12848	11098	11247
48.7	10136	12925	11126	11278
48.8	10144	13002	11151	11309
48.9	10150	13079	11174	11340
49	10155	13153	11201	11372
49.1	10160	13224	11225	11403
49.2	10164	13303	11253	11434
49.3	10169	13381	11283	11465
49.4	10174	13456	11310	11496
49.5	10178	13533	11341	11527
49.6	10185	13611	11370	11558
49.7	10195	13684	11400	11589
49.8	10205	13760	11426	11620
49.9	10210	13829	11455	11651
50	10214	13903	11485	11682
50.1	10252	13919	11520	11720
50.2	10319	13939	11558	11758
50.3	10359	13955	11595	11796
50.4	10396	13969	11645	11834
50.5	10451	13997	11690	11871
50.6	10491	14022	11733	11909
50.7	10535	14038	11773	11947
50.8	10566	14048	11814	11985
50.9	10603	14058	11849	12023
51	10624	14077	11891	12060
51.1	10658	14102	11932	12098
51.2	10677	14122	11977	12136
51.3	10702	14148	12020	12174
51.4	10714	14172	12066	12211
51.5	10726	14183	12114	12249
51.6	10751	14206	12154	12287
51.7	10767	14230	12194	12325
51.8	10780	14266	12238	12363
51.9	10788	14289	12287	12400
52	10815	14321	12338	12438
52.1	10833	14350	12391	12476
52.2	10846	14384	12433	12514
52.3	10857	14419	12472	12551
52.4	10865	14455	12514	12589
52.5	10873	14493	12551	12627
52.6	10880	14540	12594	12665
52.7	10888	14591	12635	12703
52.8	10899	14630	12685	12740
52.9	10918	14673	12731	12778
53	10938	14715	12773	12816
53.1	10957	14769	12810	12854
53.2	10977	14811	12860	12891
53.3	10996	14865	12897	12929
53.4	11018	14923	12932	12967
53.5	11037	14983	12966	13005
53.6	11054	15062	12999	13043
53.7	11071	15113	13036	13080
53.8	11079	15191	13073	13118
53.9	11086	15267	13114	13156
54	11093	15334	13158	13194
54.1	11105	15389	13197	13231
54.2	11121	15470	13243	13269
54.3	11132	15564	13278	13307
54.4	11150	15643	13315	13345
54.5	11161	15718	13348	13383
54.6	11169	15793	13382	13420
54.7	11181	15870	13420	13458
54.8	11195	15946	13454	13496
54.9	11205	16024	13488	13534
55	11223	16114	13525	13571
55.1	11267	16128	13556	13604
55.2	11315	16142	13600	13637
55.3	11353	16153	13636	13669
55.4	11391	16172	13668	13702
55.5	11446	16194	13710	13735
55.6	11488	16206	13750	13767
55.7	11540	16224	13787	13800
55.8	11571	16255	13826	13832
55.9	11586	16275	13865	13865
56	11606	16295	13907	13898
56.1	11626	16314	13949	13930
56.2	11635	16334	13977	13963
56.3	11674	16354	14020	13996
56.4	11718	16373	14059	14028
56.5	11760	16387	14092	14061
56.6	11797	16409	14124	14093
56.7	11829	16425	14157	14126
56.8	11853	16442	14187	14159
56.9	11887	16465	14218	14191
57	11903	16493	14248	14224
57.1	11924	16534	14283	14257
57.2	11949	16575	14315	14289
57.3	11983	16597	14346	14322
57.4	12023	16622	14386	14354
57.5	12052	16646	14410	14387
57.6	12094	16672	14444	14420
57.7	12131	16700	14477	14452
57.8	12170	16731	14509	14485
57.9	12204	16767	14536	14518
58	12235	16820	14575	14550
58.1	12264	16856	14607	14583
58.2	12294	16881	14636	14615
58.3	12323	16913	14664	14648
58.4	12353	16932	14692	14681
58.5	12375	16978	14716	14713
58.6	12412	17004	14750	14746
58.7	12442	17027	14782	14779
58.8	12463	17057	14808	14811
58.9	12478	17091	14846	14844
59	12493	17143	14884	14876
59.1	12520	17190	14913	14909
59.2	12541	17235	14941	14942
59.3	12549	17298	14971	14974
59.4	12579	17353	15005	15007
59.5	12593	17414	15036	15040
59.6	12602	17454	15059	15072
59.7	12628	17501	15092	15105
59.8	12644	17561	15125	15137
59.9	12650	17625	15164	15170
60	12661	17684	15193	15203
60.1	12760	17699	15234	15248
60.2	12878	17713	15273	15293
60.3	12960	17722	15316	15338
60.4	13057	17728	15361	15382
60.5	13153	17735	15407	15427
60.6	13258	17742	15458	15472
60.7	13359	17749	15505	15517
60.8	13446	17759	15557	15562
60.9	13522	17769	15609	15607
61	13608	17788	15649	15652
61.1	13693	17806	15694	15697
61.2	13771	17820	15734	15742
61.3	13860	17829	15776	15787
61.4	13949	17843	15823	15832
61.5	14019	17847	15866	15877
61.6	14095	17853	15910	15922
61.7	14164	17871	15954	15967
61.8	14246	17884	15996	16012
61.9	14331	17901	16039	16057
62	14414	17922	16088	16102
62.1	14491	17936	16131	16146
62.2	14569	17953	16175	16191
62.3	14638	17970	16220	16236
62.4	14708	17995	16273	16281
62.5	14787	18006	16318	16326
62.6	14867	18017	16363	16371
62.7	14926	18039	16406	16416
62.8	14983	18066	16449	16461
62.9	15047	18074	16499	16506
63	15081	18090	16549	16551
63.1	15127	18097	16591	16596
63.2	15178	18124	16636	16641
63.3	15223	18148	16688	16686
63.4	15259	18181	16735	16731
63.5	15290	18197	16789	16776
63.6	15324	18229	16842	16821
63.7	15368	18255	16892	16866
63.8	15396	18288	16936	16910
63.9	15429	18318	16977	16955
64	15473	18334	17020	17000
64.1	15502	18366	17066	17045
64.2	15533	18399	17110	17090
64.3	15572	18431	17159	17135
64.4	15601	18451	17210	17180
64.5	15641	18479	17260	17225
64.6	15667	18526	17298	17270
64.7	15700	18560	17341	17315
64.8	15730	18603	17383	17360
64.9	15759	18655	17438	17405
65	15793	18703	17480	17450
65.1	15886	18704	17522	17492
65.2	15980	18707	17563	17535
65.3	16073	18709	17603	17577
65.4	16167	18715	17646	17620
65.5	16260	18721	17688	17662
65.6	16354	18727	17731	17705
65.7	16449	18734	17772	17747
65.8	16542	18740	17813	17790
65.9	16639	18745	17851	17832
66	16735	18753	17894	17875
66.1	16830	18759	17939	17917
66.2	16925	18766	17982	17960
66.3	17005	18775	18025	18002
66.4	17102	18782	18068	18045
66.5	17191	18790	18110	18087
66.6	17277	18799	18151	18130
66.7	17371	18805	18191	18172
66.8	17464	18813	18232	18215
66.9	17558	18825	18270	18257
67	17651	18831	18313	18300
67.1	17745	18836	18356	18342
67.2	17826	18846	18395	18385
67.3	17920	18850	18438	18427
67.4	18006	18858	18480	18470
67.5	18092	18867	18522	18512
67.6	18169	18875	18564	18555
67.7	18236	18900	18607	18597
67.8	18299	18911	18649	18640
67.9	18348	18932	18690	18682
68	18401	18960	18733	18725
68.1	18442	18998	18774	18767
68.2	18477	19048	18818	18810
68.3	18515	19110	18859	18852
68.4	18551	19174	18901	18895
68.5	18587	19248	18943	18937
68.6	18616	19331	18982	18980
68.7	18648	19411	19020	19022
68.8	18670	19498	19060	19065
68.9	18687	19584	19098	19107
69	18703	19671	19139	19150
69.1	18712	19760	19179	19192
69.2	18721	19850	19223	19235
69.3	18729	19940	19264	19278
69.4	18737	20029	19304	19320
69.5	18745	20115	19348	19363
69.6	18754	20203	19391	19405
69.7	18759	20296	19435	19448
69.8	18761	20391	19476	19490
69.9	18766	20485	19516	19533
70	18775	20579	19559	19575
70.1	18813	20594	19589	19605
70.2	18854	20601	19621	19635
70.3	18896	20615	19652	19664
70.4	18929	20627	19686	19694
70.5	18979	20644	19713	19724
70.6	19016	20654	19743	19754
70.7	19050	20663	19770	19784
70.8	19089	20675	19801	19813
70.9	19123	20693	19831	19843
71	19159	20708	19864	19873
71.1	19188	20726	19891	19903
71.2	19215	20753	19922	19933
71.3	19255	20772	19953	19962
71.4	19281	20800	19984	19992
71.5	19318	20820	20020	20022
71.6	19356	20828	20051	20052
71.7	19393	20844	20081	20082
71.8	19424	20857	20113	20111
71.9	19453	20873	20147	20141
72	19486	20890	20179	20171
72.1	19519	20908	20208	20201
72.2	19555	20926	20237	20231
72.3	19586	20952	20268	20260
72.4	19611	20970	20300	20290
72.5	19638	20992	20333	20320
72.6	19660	21017	20362	20350
72.7	19687	21037	20394	20380
72.8	19713	21069	20425	20409
72.9	19740	21090	20454	20439
73	19761	21121	20484	20469
73.1	19782	21152	20517	20499
73.2	19809	21178	20550	20529
73.3	19822	21201	20580	20558
73.4	19851	21227	20608	20588
73.5	19883	21257	20636	20618
73.6	19913	21296	20661	20648
73.7	19930	21335	20692	20678
73.8	19952	21371	20718	20707
73.9	19973	21410	20748	20737
74	19984	21452	20778	20767
74.1	20000	21491	20808	20797
74.2	20027	21531	20837	20827
74.3	20048	21579	20866	20856
74.4	20072	21621	20898	20886
74.5	20089	21660	20927	20916
74.6	20107	21690	20955	20946
74.7	20124	21740	20988	20976
74.8	20139	21780	21017	21005
74.9	20152	21817	21046	21035
75	20166	21867	21077	21065
75.1	20207	21872	21095	21086
75.2	20251	21881	21112	21106
75.3	20289	21888	21129	21127
75.4	20320	21894	21152	21147
75.5	20357	21902	21174	21167
75.6	20394	21908	21190	21188
75.7	20433	21912	21209	21208
75.8	20470	21924	21230	21229
75.9	20508	21931	21251	21249
76	20551	21942	21271	21270
76.1	20578	21947	21289	21290
76.2	20607	21963	21307	21311
76.3	20645	21976	21329	21331
76.4	20674	21987	21347	21352
76.5	20704	21994	21368	21372
76.6	20740	21998	21390	21393
76.7	20769	22009	21411	21413
76.8	20797	22024	21432	21434
76.9	20818	22033	21453	21454
77	20842	22042	21473	21475
77.1	20859	22061	21498	21495
77.2	20878	22075	21517	21516
77.3	20906	22090	21536	21536
77.4	20924	22099	21559	21556
77.5	20946	22121	21579	21577
77.6	20964	22144	21602	21597
77.7	20986	22172	21624	21618
77.8	21006	22198	21646	21638
77.9	21021	22215	21667	21659
78	21032	22242	21687	21679
78.1	21044	22275	21707	21700
78.2	21057	22303	21725	21720
78.3	21072	22330	21746	21741
78.4	21088	22366	21768	21761
78.5	21098	22400	21787	21782
78.6	21108	22431	21805	21802
78.7	21119	22461	21825	21823
78.8	21131	22496	21845	21843
78.9	21145	22540	21862	21864
79	21164	22586	21883	21884
79.1	21172	22624	21901	21905
79.2	21175	22645	21920	21925
79.3	21191	22685	21936	21945
79.4	21196	22727	21956	21966
79.5	21208	22764	21973	21986
79.6	21212	22810	21990	22007
79.7	21214	22852	22010	22027
79.8	21226	22885	22029	22048
79.9	21236	22928	22047	22068
80	21251	22976	22067	22089
80.1	21270	22980	22081	22104
80.2	21304	22982	22098	22119
80.3	21327	22989	22112	22135
80.4	21353	22999	22128	22150
80.5	21362	23005	22145	22166
80.6	21390	23014	22160	22181
80.7	21412	23022	22175	22196
80.8	21425	23031	22189	22212
80.9	21440	23041	22207	22227
81	21461	23050	22226	22242
81.1	21473	23063	22242	22258
81.2	21492	23074	22256	22273
81.3	21503	23085	22272	22288
81.4	21522	23097	22287	22304
81.5	21536	23110	22306	22319
81.6	21555	23122	22323	22334
81.7	21563	23139	22342	22350
81.8	21575	23153	22362	22365
81.9	21585	23164	22379	22380
82	21599	23170	22399	22396
82.1	21607	23182	22414	22411
82.2	21614	23194	22429	22427
82.3	21628	23203	22448	22442
82.4	21636	23217	22462	22457
82.5	21642	23233	22480	22473
82.6	21651	23245	22500	22488
82.7	21660	23261	22513	22503
82.8	21673	23272	22533	22519
82.9	21678	23286	22548	22534
83	21686	23304	22567	22549
83.1	21694	23313	22585	22565
83.2	21703	23321	22605	22580
83.3	21715	23336	22619	22595
83.4	21725	23350	22637	22611
83.5	21730	23368	22655	22626
83.6	21737	23386	22673	22641
83.7	21752	23409	22690	22657
83.8	21752	23426	22707	22672
83.9	21759	23448	22725	22687
84	21766	23470	22744	22703
84.1	21770	23490	22761	22718
84.2	21774	23519	22776	22734
84.3	21785	23544	22791	22749
84.4	21787	23570	22809	22764
84.5	21792	23582	22827	22780
84.6	21802	23599	22839	22795
84.7	21810	23626	22853	22810
84.8	21818	23649	22865	22826
84.9	21827	23674	22879	22841
85	21837	23704	22894	22856
85.1	21865	23708	22910	22871
85.2	21897	23710	22923	22886
85.3	21933	23711	22934	22901
85.4	21967	23717	22947	22916
85.5	21994	23718	22963	22931
85.6	22022	23721	22977	22946
85.7	22060	23723	22990	22961
85.8	22087	23730	23005	22976
85.9	22114	23738	23018	22991
86	22143	23742	23030	23006
86.1	22178	23749	23043	23021
86.2	22212	23754	23056	23036
86.3	22239	23757	23071	23051
86.4	22274	23768	23084	23066
86.5	22308	23773	23096	23081
86.6	22344	23779	23111	23096
86.7	22371	23783	23125	23111
86.8	22399	23786	23140	23126
86.9	22427	23794	23155	23140
87	22454	23797	23169	23155
87.1	22479	23802	23182	23170
87.2	22509	23811	23200	23185
87.3	22542	23817	23215	23200
87.4	22581	23821	23230	23215
87.5	22609	23826	23246	23230
87.6	22628	23832	23259	23245
87.7	22644	23836	23272	23260
87.8	22668	23845	23287	23275
87.9	22689	23850	23300	23290
88	22715	23857	23315	23305
88.1	22745	23863	23332	23320
88.2	22766	23871	23347	23335
88.3	22787	23883	23358	23350
88.4	22802	23892	23374	23365
88.5	22824	23903	23390	23380
88.6	22852	23906	23404	23395
88.7	22873	23918	23421	23410
88.8	22886	23928	23437	23425
88.9	22904	23937	23451	23439
89	22926	23944	23467	23454
89.1	22942	23955	23483	23469
89.2	22954	23961	23498	23484
89.3	22968	23976	23515	23499
89.4	22983	23989	23528	23514
89.5	22998	24000	23543	23529
89.6	23012	24011	23560	23544
89.7	23018	24021	23573	23559
89.8	23031	24035	23584	23574
89.9	23056	24048	23599	23589
90	23066	24068	23616	23604
90.1	23090	24075	23627	23617
90.2	23113	24083	23641	23629
90.3	23136	24093	23653	23642
90.4	23166	24104	23664	23655
90.5	23185	24111	23674	23667
90.6	23209	24121	23687	23680
90.7	23236	24132	23703	23693
90.8	23255	24146	23716	23705
90.9	23272	24155	23728	23718
91	23290	24160	23741	23731
91.1	23312	24171	23756	23743
91.2	23324	24178	23769	23756
91.3	23332	24185	23780	23769
91.4	23346	24191	23793	23781
91.5	23363	24202	23808	23794
91.6	23376	24222	23823	23807
91.7	23384	24233	23837	23819
91.8	23395	24256	23848	23832
91.9	23401	24278	23861	23845
92	23413	24300	23873	23857
92.1	23418	24312	23885	23870
92.2	23423	24331	23896	23883
92.3	23425	24355	23907	23896
92.4	23433	24370	23918	23908
92.5	23446	24386	23930	23921
92.6	23452	24408	23941	23934
92.7	23458	24427	23950	23946
92.8	23466	24449	23961	23959
92.9	23469	24473	23973	23972
93	23474	24501	23985	23984
93.1	23476	24536	23996	23997
93.2	23480	24567	24007	24010
93.3	23483	24604	24019	24022
93.4	23486	24642	24030	24035
93.5	23489	24678	24038	24048
93.6	23492	24713	24047	24060
93.7	23497	24739	24058	24073
93.8	23500	24774	24069	24086
93.9	23505	24810	24079	24098
94	23508	24838	24088	24111
94.1	23514	24858	24095	24124
94.2	23519	24888	24105	24136
94.3	23522	24917	24117	24149
94.4	23529	24948	24126	24162
94.5	23536	24981	24135	24174
94.6	23539	25017	24146	24187
94.7	23541	25052	24154	24200
94.8	23545	25087	24163	24212
94.9	23549	25122	24173	24225
95	23555	25154	24183	24238
95.1	23561	25161	24192	24248
95.2	23577	25179	24201	24258
95.3	23586	25192	24211	24267
95.4	23591	25209	24220	24277
95.5	23602	25225	24231	24287
95.6	23610	25227	24243	24297
95.7	23611	25230	24253	24307
95.8	23612	25256	24264	24317
95.9	23612	25271	24274	24327
96	23617	25282	24285	24337
96.1	23625	25294	24293	24347
96.2	23630	25309	24307	24357
96.3	23636	25323	24319	24366
96.4	23643	25327	24330	24376
96.5	23651	25342	24342	24386
96.6	23658	25362	24350	24396
96.7	23666	25372	24361	24406
96.8	23671	25389	24374	24416
96.9	23675	25409	24384	24426
97	23678	25426	24394	24436
97.1	23681	25431	24402	24446
97.2	23685	25449	24414	24456
97.3	23690	25465	24424	24465
97.4	23693	25480	24434	24475
97.5	23696	25492	24446	24485
97.6	23700	25508	24456	24495
97.7	23704	25516	24466	24505
97.8	23707	25531	24474	24515
97.9	23712	25544	24483	24525
98	23718	25565	24493	24535
98.1	23724	25585	24500	24545
98.2	23729	25599	24512	24555
98.3	23734	25633	24522	24564
98.4	23735	25656	24531	24574
98.5	23738	25671	24538	24584
98.6	23742	25692	24547	24594
98.7	23747	25720	24556	24604
98.8	23750	25739	24564	24614
98.9	23753	25763	24572	24624
99	23757	25780	24583	24634
99.1	23759	25798	24593	24644
99.2	23760	25823	24602	24653
99.3	23763	25851	24611	24663
99.4	23768	25878	24619	24673
99.5	23773	25900	24628	24683
99.6	23774	25918	24637	24693
99.7	23778	25937	24647	24703
99.8	23782	25964	24655	24713
99.9	23785	25993	24666	24723
100	23789	26016	24675	24733
100.1	23794	26018	24685	24744
100.2	23804	26023	24698	24755
100.3	23818	26036	24711	24766
100.4	23832	26039	24721	24777
100.5	23843	26051	24730	24788
100.6	23849	26061	24741	24799
100.7	23855	26065	24754	24810
100.8	23867	26073	24766	24821
100.9	23875	26083	24778	24832
101	23886	26093	24791	24843
101.1	23896	26106	24804	24854
101.2	23904	26121	24816	24865
101.3	23911	26135	24829	24876
101.4	23922	26151	24844	24887
101.5	23929	26167	24856	24898
101.6	23931	26183	24868	24909
101.7	23939	26203	24880	24920
101.8	23950	26214	24893	24931
101.9	23957	26228	24903	24942
102	23964	26245	24914	24953
102.1	23970	26257	24924	24964
102.2	23978	26268	24933	24975
102.3	23982	26279	24946	24986
102.4	23988	26296	24954	24997
102.5	23992	26309	24963	25008
102.6	24000	26314	24975	25019
102.7	24002	26330	24985	25030
102.8	24005	26342	24994	25041
102.9	24007	26360	25005	25052
103	24016	26373	25018	25064
103.1	24030	26386	25030	25075
103.2	24034	26400	25039	25086
103.3	24037	26415	25051	25097
103.4	24040	26425	25062	25108
103.5	24040	26449	25076	25119
103.6	24047	26475	25089	25130
103.7	24053	26503	25097	25141
103.8	24060	26523	25111	25152
103.9	24066	26538	25122	25163
104	24072	26554	25131	25174
104.1	24078	26570	25141	25185
104.2	24085	26587	25151	25196
104.3	24089	26606	25160	25207
104.4	24092	26638	25170	25218
104.5	24095	26655	25180	25229
104.6	24101	26678	25193	25240
104.7	24108	26703	25204	25251
104.8	24112	26721	25213	25262
104.9	24113	26749	25223	25273
105	24117	26777	25235	25284
105.1	24136	26784	25252	25303
105.2	24174	26791	25271	25323
105.3	24192	26794	25294	25342
105.4	24208	26798	25319	25362
105.5	24224	26808	25342	25381
105.6	24238	26822	25365	25400
105.7	24260	26830	25388	25420
105.8	24273	26841	25410	25439
105.9	24287	26848	25435	25459
106	24298	26863	25457	25478
106.1	24308	26879	25480	25497
106.2	24315	26892	25502	25517
106.3	24322	26902	25523	25536
106.4	24336	26914	25547	25556
106.5	24344	26926	25571	25575
106.6	24352	26943	25599	25594
106.7	24360	26951	25617	25614
106.8	24370	26962	25636	25633
106.9	24378	26976	25659	25653
107	24390	26983	25680	25672
107.1	24401	26990	25704	25691
107.2	24409	27012	25721	25711
107.3	24413	27029	25742	25730
107.4	24423	27045	25765	25750
107.5	24428	27060	25786	25769
107.6	24434	27075	25807	25788
107.7	24448	27087	25831	25808
107.8	24455	27095	25857	25827
107.9	24464	27107	25879	25847
108	24473	27126	25899	25866
108.1	24483	27136	25918	25885
108.2	24492	27153	25943	25905
108.3	24505	27168	25962	25924
108.4	24515	27183	25984	25944
108.5	24521	27208	26002	25963
108.6	24527	27240	26021	25982
108.7	24533	27263	26040	26002
108.8	24542	27287	26057	26021
108.9	24550	27307	26079	26040
109	24559	27333	26097	26060
109.1	24567	27359	26113	26079
109.2	24572	27391	26137	26099
109.3	24577	27429	26156	26118
109.4	24582	27469	26177	26137
109.5	24587	27508	26192	26157
109.6	24592	27531	26209	26176
109.7	24598	27550	26226	26196
109.8	24604	27573	26242	26215
109.9	24613	27611	26257	26234
110	24615	27643	26273	26254
110.1	24678	27648	26303	26284
110.2	24734	27654	26332	26314
110.3	24783	27662	26363	26343
110.4	24833	27670	26396	26373
110.5	24897	27678	26428	26403
110.6	24946	27686	26461	26433
110.7	25007	27693	26492	26463
110.8	25058	27701	26519	26493
110.9	25113	27709	26548	26523
111	25166	27717	26583	26552
111.1	25225	27725	26613	26582
111.2	25276	27731	26644	26612
111.3	25323	27734	26671	26642
111.4	25370	27742	26702	26672
111.5	25410	27748	26733	26702
111.6	25470	27755	26762	26732
111.7	25527	27761	26795	26761
111.8	25568	27766	26821	26791
111.9	25603	27775	26852	26821
112	25655	27785	26883	26851
112.1	25725	27792	26911	26881
112.2	25767	27804	26944	26911
112.3	25794	27811	26976	26941
112.4	25838	27818	27006	26971
112.5	25876	27826	27039	27000
112.6	25925	27836	27070	27030
112.7	25951	27852	27103	27060
112.8	25978	27859	27135	27090
112.9	26010	27870	27170	27120
113	26036	27879	27209	27150
113.1	26060	27890	27243	27180
113.2	26081	27899	27276	27209
113.3	26106	27906	27309	27239
113.4	26133	27917	27343	27269
113.5	26154	27929	27378	27299
113.6	26183	27945	27410	27329
113.7	26203	27954	27444	27359
113.8	26232	27966	27479	27389
113.9	26260	27980	27515	27418
114	26284	27996	27553	27448
114.1	26311	28017	27587	27478
114.2	26334	28029	27622	27508
114.3	26359	28047	27655	27538
114.4	26386	28066	27690	27568
114.5	26417	28077	27721	27598
114.6	26440	28094	27758	27627
114.7	26466	28108	27792	27657
114.8	26493	28135	27823	27687
114.9	26516	28163	27852	27717
115	26538	28196	27880	27747
115.1	26549	28198	27886	27752
115.2	26562	28201	27892	27758
115.3	26570	28206	27899	27763
115.4	26578	28210	27908	27769
115.5	26587	28213	27913	27774
115.6	26596	28219	27917	27780
115.7	26619	28223	27922	27785
115.8	26648	28230	27927	27791
115.9	26656	28236	27931	27796
116	26661	28238	27937	27802
116.1	26665	28242	27943	27807
116.2	26673	28245	27948	27813
116.3	26678	28251	27954	27818
116.4	26685	28257	27960	27824
116.5	26697	28263	27964	27829
116.6	26700	28267	27969	27835
116.7	26707	28274	27973	27840
116.8	26725	28279	27977	27846
116.9	26737	28284	27982	27851
117	26752	28292	27986	27857
117.1	26766	28299	27991	27862
117.2	26775	28305	27996	27868
117.3	26783	28311	28001	27873
117.4	26794	28319	28006	27879
117.5	26806	28327	28010	27884
117.6	26815	28337	28014	27890
117.7	26818	28347	28019	27895
117.8	26822	28353	28024	27901
117.9	26829	28364	28028	27906
118	26836	28371	28033	27912
118.1	26843	28379	28039	27917
118.2	26846	28386	28044	27923
118.3	26851	28396	28048	27928
118.4	26861	28406	28052	27934
118.5	26864	28413	28058	27939
118.6	26866	28425	28061	27945
118.7	26875	28436	28064	27950
118.8	26879	28446	28067	27956
118.9	26881	28455	28070	27961
119	26885	28463	28075	27967
119.1	26888	28473	28079	27972
119.2	26894	28485	28083	27978
119.3	26902	28498	28086	27983
119.4	26910	28511	28090	27989
119.5	26918	28524	28093	27994
119.6	26926	28532	28097	28000
119.7	26931	28538	28101	28005
119.8	26936	28550	28105	28011
119.9	26941	28561	28109	28016
120	26946	28567	28112	28022
120.1	26955	28570	28118	28027
120.2	26966	28574	28122	28032
120.3	26978	28579	28126	28037
120.4	26989	28582	28132	28042
120.5	27000	28586	28138	28047
120.6	27011	28595	28142	28052
120.7	27020	28600	28147	28057
120.8	27025	28605	28153	28062
120.9	27029	28610	28159	28067
121	27033	28616	28164	28072
121.1	27037	28622	28169	28077
121.2	27045	28626	28172	28082
121.3	27047	28632	28177	28087
121.4	27058	28637	28181	28092
121.5	27068	28639	28185	28098
121.6	27078	28645	28188	28103
121.7	27081	28649	28193	28108
121.8	27083	28654	28196	28113
121.9	27092	28660	28200	28118
122	27103	28665	28205	28123
122.1	27110	28670	28209	28128
122.2	27117	28676	28213	28133
122.3	27124	28682	28217	28138
122.4	27131	28688	28222	28143
122.5	27149	28693	28225	28148
122.6	27155	28699	28230	28153
122.7	27161	28706	28236	28158
122.8	27168	28713	28242	28163
122.9	27175	28717	28246	28168
123	27181	28723	28248	28174
123.1	27191	28728	28252	28179
123.2	27196	28733	28257	28184
123.3	27206	28738	28262	28189
123.4	27221	28745	28267	28194
123.5	27226	28749	28270	28199
123.6	27229	28756	28275	28204
123.7	27232	28766	28279	28209
123.8	27234	28778	28282	28214
123.9	27254	28781	28284	28219
124	27268	28790	28289	28224
124.1	27274	28796	28295	28229
124.2	27283	28803	28300	28234
124.3	27291	28807	28304	28239
124.4	27297	28813	28309	28244
124.5	27303	28826	28312	28250
124.6	27309	28832	28317	28255
124.7	27316	28839	28322	28260
124.8	27325	28851	28327	28265
124.9	27335	28858	28330	28270
125	27341	28868	28334	28275
125.1	27347	28870	28339	28280
125.2	27359	28873	28344	28285
125.3	27370	28875	28349	28290
125.4	27378	28877	28353	28295
125.5	27384	28880	28356	28300
125.6	27393	28887	28361	28305
125.7	27399	28891	28364	28310
125.8	27411	28893	28368	28315
125.9	27417	28896	28373	28320
126	27420	28899	28378	28325
126.1	27427	28901	28381	28330
126.2	27440	28904	28387	28335
126.3	27447	28907	28390	28340
126.4	27452	28915	28395	28345
126.5	27464	28924	28400	28350
126.6	27477	28932	28405	28355
126.7	27484	28938	28407	28360
126.8	27490	28945	28411	28365
126.9	27496	28949	28414	28370
127	27504	28951	28417	28375
127.1	27512	28953	28422	28380
127.2	27522	28956	28426	28386
127.3	27529	28959	28431	28391
127.4	27533	28962	28435	28396
127.5	27538	28969	28440	28401
127.6	27545	28977	28444	28406
127.7	27550	28982	28450	28411
127.8	27564	28990	28454	28416
127.9	27572	28998	28457	28421
128	27581	29006	28461	28426
128.1	27593	29014	28464	28431
128.2	27603	29022	28467	28436
128.3	27612	29029	28471	28441
128.4	27625	29037	28475	28446
128.5	27637	29040	28479	28451
128.6	27645	29042	28484	28456
128.7	27656	29048	28488	28461
128.8	27664	29055	28493	28466
128.9	27672	29064	28499	28471
129	27681	29066	28503	28476
129.1	27691	29068	28509	28481
129.2	27699	29077	28513	28486
129.3	27705	29086	28518	28491
129.4	27713	29098	28523	28496
129.5	27720	29103	28529	28501
129.6	27727	29112	28533	28506
129.7	27735	29119	28538	28511
129.8	27742	29125	28544	28516
129.9	27752	29138	28548	28521
130	27757	29146	28553	28526
130.1	27769	29151	28557	28531
130.2	27784	29156	28562	28536
130.3	27789	29161	28566	28541
130.4	27797	29165	28569	28546
130.5	27807	29166	28573	28551
130.6	27818	29171	28578	28556
130.7	27829	29176	28583	28561
130.8	27839	29182	28587	28566
130.9	27852	29191	28589	28571
131	27864	29198	28594	28576
131.1	27872	29202	28598	28581
131.2	27885	29206	28603	28586
131.3	27898	29210	28607	28591
131.4	27904	29214	28612	28596
131.5	27925	29219	28616	28601
131.6	27937	29228	28619	28606
131.7	27943	29238	28622	28611
131.8	27955	29241	28626	28616
131.9	27971	29245	28628	28621
132	27982	29248	28632	28626
132.1	27986	29256	28636	28631
132.2	27995	29270	28640	28636
132.3	28000	29275	28645	28641
132.4	28010	29281	28651	28646
132.5	28022	29286	28654	28651
132.6	28034	29290	28658	28656
132.7	28040	29293	28663	28661
132.8	28045	29297	28669	28666
132.9	28064	29301	28674	28671
133	28071	29305	28679	28676
133.1	28076	29314	28685	28681
133.2	28084	29319	28690	28686
133.3	28090	29322	28693	28691
133.4	28095	29324	28697	28696
133.5	28104	29328	28702	28701
133.6	28115	29338	28706	28706
133.7	28119	29354	28710	28711
133.8	28120	29367	28714	28716
133.9	28123	29373	28719	28721
134	28129	29377	28725	28726
134.1	28136	29389	28729	28731
134.2	28145	29402	28733	28736
134.3	28149	29411	28737	28741
134.4	28150	29417	28743	28746
134.5	28155	29420	28747	28751
134.6	28162	29425	28753	28756
134.7	28168	29435	28757	28761
134.8	28175	29446	28762	28766
134.9	28180	29451	28767	28771
135	28187	29463	28773	28776
135.1	28202	29471	28777	28781
135.2	28216	29476	28781	28787
135.3	28229	29478	28785	28792
135.4	28243	29480	28789	28798
135.5	28256	29481	28793	28803
135.6	28269	29482	28798	28809
135.7	28282	29484	28803	28814
135.8	28295	29489	28808	28820
135.9	28301	29493	28815	28825
136	28320	29495	28819	28831
136.1	28328	29497	28824	28836
136.2	28345	29499	28829	28842
136.3	28360	29504	28834	28847
136.4	28370	29516	28839	28853
136.5	28379	29527	28844	28858
136.6	28386	29537	28850	28864
136.7	28395	29555	28854	28869
136.8	28408	29558	28859	28875
136.9	28413	29561	28863	28880
137	28423	29565	28868	28885
137.1	28428	29569	28872	28891
137.2	28437	29575	28877	28896
137.3	28448	29581	28882	28902
137.4	28454	29588	28887	28907
137.5	28466	29598	28893	28913
137.6	28476	29607	28899	28918
137.7	28490	29615	28904	28924
137.8	28502	29621	28908	28929
137.9	28507	29627	28914	28935
138	28515	29633	28918	28940
138.1	28521	29639	28922	28946
138.2	28531	29646	28927	28951
138.3	28541	29657	28933	28957
138.4	28547	29663	28938	28962
138.5	28551	29671	28944	28968
138.6	28562	29683	28950	28973
138.7	28565	29691	28955	28979
138.8	28573	29696	28959	28984
138.9	28576	29699	28965	28990
139	28580	29704	28969	28995
139.1	28585	29713	28974	29000
139.2	28592	29722	28979	29006
139.3	28597	29725	28984	29011
139.4	28609	29729	28989	29017
139.5	28612	29732	28996	29022
139.6	28617	29737	29002	29028
139.7	28621	29750	29007	29033
139.8	28629	29762	29013	29039
139.9	28630	29767	29018	29044
140	28635	29773	29023	29050
140.1	28659	29778	29040	29067
140.2	28679	29793	29056	29083
140.3	28698	29803	29073	29100
140.4	28722	29810	29091	29117
140.5	28739	29818	29109	29134
140.6	28761	29829	29128	29150
140.7	28774	29841	29143	29167
140.8	28793	29848	29159	29184
140.9	28814	29861	29176	29201
141	28832	29879	29194	29218
141.1	28845	29891	29210	29234
141.2	28857	29904	29227	29251
141.3	28867	29915	29245	29268
141.4	28882	29921	29264	29285
141.5	28894	29930	29283	29301
141.6	28907	29938	29302	29318
141.7	28917	29951	29321	29335
141.8	28922	29964	29337	29352
141.9	28929	29972	29355	29369
142	28941	29978	29373	29385
142.1	28944	29991	29391	29402
142.2	28950	29998	29410	29419
142.3	28956	30013	29426	29436
142.4	28963	30034	29445	29452
142.5	28972	30051	29462	29469
142.6	28977	30070	29481	29486
142.7	28982	30085	29501	29503
142.8	28988	30101	29520	29520
142.9	28996	30120	29537	29536
143	29004	30137	29554	29553
143.1	29011	30162	29572	29570
143.2	29015	30181	29591	29587
143.3	29022	30220	29610	29603
143.4	29029	30240	29629	29620
143.5	29034	30267	29645	29637
143.6	29040	30294	29660	29654
143.7	29043	30317	29677	29671
143.8	29049	30349	29693	29687
143.9	29060	30373	29711	29704
144	29068	30405	29727	29721
144.1	29075	30421	29746	29738
144.2	29084	30452	29764	29754
144.3	29086	30484	29781	29771
144.4	29094	30499	29796	29788
144.5	29100	30537	29812	29805
144.6	29104	30563	29829	29822
144.7	29106	30588	29846	29838
144.8	29113	30616	29865	29855
144.9	29119	30642	29882	29872
145	29126	30667	29900	29889
145.1	29152	30671	29908	29901
145.2	29179	30673	29916	29913
145.3	29199	30678	29926	29925
145.4	29226	30683	29939	29937
145.5	29247	30687	29950	29949
145.6	29267	30696	29961	29960
145.7	29289	30700	29974	29972
145.8	29305	30707	29985	29984
145.9	29331	30717	29997	29996
146	29353	30724	30010	30008
146.1	29370	30728	30021	30020
146.2	29391	30730	30035	30032
146.3	29418	30733	30046	30044
146.4	29437	30735	30058	30056
146.5	29457	30738	30070	30068
146.6	29472	30741	30082	30080
146.7	29495	30746	30093	30092
146.8	29512	30754	30104	30104
146.9	29526	30756	30113	30116
147	29552	30757	30126	30128
147.1	29563	30763	30138	30140
147.2	29579	30768	30149	30152
147.3	29596	30777	30163	30164
147.4	29612	30786	30173	30176
147.5	29626	30792	30185	30188
147.6	29638	30799	30196	30200
147.7	29649	30804	30211	30212
147.8	29663	30815	30224	30224
147.9	29676	30827	30237	30236
148	29690	30834	30250	30248
148.1	29701	30836	30262	30260
148.2	29712	30842	30272	30271
148.3	29728	30850	30285	30283
148.4	29741	30857	30297	30295
148.5	29750	30867	30311	30307
148.6	29758	30880	30326	30319
148.7	29767	30886	30339	30331
148.8	29777	30892	30351	30343
148.9	29785	30900	30363	30355
149	29794	30908	30376	30367
149.1	29803	30920	30387	30379
149.2	29812	30933	30401	30391
149.3	29820	30940	30412	30403
149.4	29828	30949	30424	30415
149.5	29836	30960	30433	30427
149.6	29845	30973	30446	30439
149.7	29855	30990	30460	30451
149.8	29861	31005	30472	30463
149.9	29870	31019	30484	30475
150	29879	31030	30496	30487
150.1	29895	31033	30503	30494
150.2	29913	31035	30510	30502
150.3	29925	31038	30519	30510
150.4	29938	31041	30527	30517
150.5	29953	31044	30535	30525
150.6	29967	31049	30541	30533
150.7	29980	31053	30548	30541
150.8	29991	31060	30555	30548
150.9	29998	31063	30563	30556
151	30011	31066	30570	30564
151.1	30023	31069	30578	30571
151.2	30038	31073	30586	30579
151.3	30054	31079	30595	30587
151.4	30067	31088	30601	30594
151.5	30071	31094	30609	30602
151.6	30079	31097	30615	30610
151.7	30089	31105	30621	30617
151.8	30100	31110	30631	30625
151.9	30110	31116	30639	30633
152	30117	31124	30647	30640
152.1	30125	31129	30657	30648
152.2	30138	31137	30665	30656
152.3	30146	31142	30674	30663
152.4	30156	31147	30682	30671
152.5	30165	31153	30691	30679
152.6	30169	31159	30699	30686
152.7	30173	31165	30707	30694
152.8	30180	31172	30714	30702
152.9	30187	31177	30720	30709
153	30197	31184	30726	30717
153.1	30207	31188	30734	30725
153.2	30210	31194	30743	30733
153.3	30213	31203	30750	30740
153.4	30221	31210	30759	30748
153.5	30225	31218	30766	30756
153.6	30229	31232	30772	30763
153.7	30233	31245	30783	30771
153.8	30240	31258	30791	30779
153.9	30243	31263	30801	30786
154	30246	31275	30807	30794
154.1	30250	31288	30812	30802
154.2	30254	31294	30819	30809
154.3	30258	31308	30828	30817
154.4	30260	31318	30835	30825
154.5	30263	31332	30843	30832
154.6	30265	31344	30851	30840
154.7	30268	31353	30859	30848
154.8	30279	31367	30865	30855
154.9	30283	31381	30873	30863
155	30284	31399	30881	30871
155.1	30295	31402	30888	30878
155.2	30311	31408	30895	30886
155.3	30319	31411	30903	30894
155.4	30339	31418	30910	30901
155.5	30357	31423	30917	30909
155.6	30372	31426	30925	30916
155.7	30382	31432	30933	30924
155.8	30390	31433	30938	30932
155.9	30401	31436	30946	30939
156	30411	31439	30954	30947
156.1	30421	31443	30961	30954
156.2	30433	31446	30967	30962
156.3	30439	31449	30975	30970
156.4	30452	31452	30983	30977
156.5	30461	31456	30991	30985
156.6	30467	31459	30998	30993
156.7	30477	31465	31005	31000
156.8	30492	31474	31014	31008
156.9	30498	31478	31023	31015
157	30502	31485	31032	31023
157.1	30505	31493	31040	31031
157.2	30507	31505	31051	31038
157.3	30511	31510	31060	31046
157.4	30517	31513	31067	31053
157.5	30523	31517	31075	31061
157.6	30531	31523	31084	31069
157.7	30537	31531	31091	31076
157.8	30546	31538	31098	31084
157.9	30555	31544	31105	31092
158	30557	31552	31113	31099
158.1	30563	31559	31122	31107
158.2	30575	31563	31131	31114
158.3	30578	31566	31139	31122
158.4	30583	31572	31147	31130
158.5	30590	31583	31155	31137
158.6	30595	31587	31163	31145
158.7	30598	31594	31173	31152
158.8	30601	31607	31181	31160
158.9	30610	31614	31189	31168
159	30617	31621	31197	31175
159.1	30623	31625	31204	31183
159.2	30629	31631	31211	31191
159.3	30636	31642	31220	31198
159.4	30641	31651	31227	31206
159.5	30644	31668	31234	31213
159.6	30651	31676	31243	31221
159.7	30657	31683	31252	31229
159.8	30659	31692	31261	31236
159.9	30661	31706	31270	31244
160	30662	31715	31277	31251
160.1	30681	31718	31284	31260
160.2	30700	31720	31291	31268
160.3	30718	31723	31298	31277
160.4	30736	31725	31305	31285
160.5	30756	31727	31313	31293
160.6	30771	31729	31320	31302
160.7	30791	31731	31328	31310
160.8	30811	31738	31334	31318
160.9	30833	31743	31341	31327
161	30852	31748	31347	31335
161.1	30869	31756	31354	31343
161.2	30889	31766	31363	31352
161.3	30908	31772	31370	31360
161.4	30923	31774	31377	31369
161.5	30938	31778	31384	31377
161.6	30953	31783	31391	31385
161.7	30968	31791	31399	31394
161.8	30990	31798	31405	31402
161.9	31006	31803	31413	31410
162	31020	31807	31421	31419
162.1	31038	31811	31428	31427
162.2	31055	31817	31435	31435
162.3	31074	31823	31443	31444
162.4	31088	31824	31451	31452
162.5	31103	31834	31459	31461
162.6	31118	31841	31467	31469
162.7	31130	31844	31476	31477
162.8	31142	31848	31482	31486
162.9	31156	31851	31490	31494
163	31175	31857	31499	31502
163.1	31192	31859	31507	31511
163.2	31209	31866	31514	31519
163.3	31222	31881	31521	31527
163.4	31229	31888	31528	31536
163.5	31240	31897	31536	31544
163.6	31252	31903	31542	31553
163.7	31267	31907	31550	31561
163.8	31278	31922	31557	31569
163.9	31289	31939	31566	31578
164	31298	31949	31573	31586
164.1	31305	31963	31582	31594
164.2	31317	31976	31590	31603
164.3	31326	31979	31598	31611
164.4	31335	31980	31606	31620
164.5	31343	31988	31614	31628
164.6	31351	31989	31622	31636
164.7	31358	31997	31629	31645
164.8	31364	32010	31638	31653
164.9	31370	32023	31648	31661
165	31376	32027	31657	31670
165.1	31392	32050	31675	31690
165.2	31404	32075	31696	31709
165.3	31417	32104	31715	31729
165.4	31429	32157	31733	31749
165.5	31443	32190	31753	31769
165.6	31454	32234	31769	31789
165.7	31466	32284	31784	31809
165.8	31474	32320	31799	31829
165.9	31480	32377	31815	31849
166	31489	32433	31832	31869
166.1	31498	32479	31847	31889
166.2	31504	32545	31862	31908
166.3	31514	32599	31877	31928
166.4	31519	32639	31893	31948
166.5	31529	32695	31908	31968
166.6	31537	32739	31922	31988
166.7	31541	32791	31939	32008
166.8	31545	32839	31955	32028
166.9	31550	32901	31970	32048
167	31553	32959	31987	32068
167.1	31557	33023	32003	32088
167.2	31563	33085	32018	32107
167.3	31568	33150	32034	32127
167.4	31572	33213	32050	32147
167.5	31576	33271	32063	32167
167.6	31579	33329	32077	32187
167.7	31580	33390	32093	32207
167.8	31584	33451	32108	32227
167.9	31589	33513	32122	32247
168	31595	33575	32137	32267
168.1	31600	33639	32152	32287
168.2	31604	33697	32165	32306
168.3	31607	33757	32179	32326
168.4	31611	33816	32195	32346
168.5	31618	33875	32213	32366
168.6	31625	33934	32229	32386
168.7	31629	33993	32245	32406
168.8	31633	34052	32258	32426
168.9	31636	34112	32272	32446
169	31639	34175	32289	32466
169.1	31645	34228	32303	32486
169.2	31648	34288	32318	32505
169.3	31652	34347	32334	32525
169.4	31653	34410	32352	32545
169.5	31655	34475	32369	32565
169.6	31658	34530	32384	32585
169.7	31660	34591	32399	32605
169.8	31663	34654	32416	32625
169.9	31666	34717	32432	32645
170	31670	34780	32446	32665
170.1	31687	34793	32468	32685
170.2	31701	34809	32489	32705
170.3	31722	34814	32509	32725
170.4	31737	34846	32531	32745
170.5	31758	34869	32552	32766
170.6	31773	34883	32571	32786
170.7	31787	34898	32599	32806
170.8	31796	34911	32620	32826
170.9	31810	34925	32644	32847
171	31818	34940	32664	32867
171.1	31827	34954	32684	32887
171.2	31834	34969	32712	32907
171.3	31838	35004	32735	32927
171.4	31841	35042	32752	32948
171.5	31847	35061	32777	32968
171.6	31856	35073	32798	32988
171.7	31865	35117	32821	33008
171.8	31872	35154	32844	33029
171.9	31880	35183	32866	33049
172	31887	35207	32885	33069
172.1	31893	35239	32906	33089
172.2	31900	35272	32933	33109
